0.819946
-0.060848
0.698536
-1.081686
0.388342
0.599952
-0.126229
-0.853759
-0.635802
0.317305
-0.927091
-0.737844
1.151180
-0.415127
0.258665
-1.193271
-0.714372
-1.881319
0.256180
1.046668
1.014028
-0.544823
0.243958
-1.102662
-1.655219
-2.088471
-0.235080
0.585023
-0.846287
0.431735
-0.186618
-0.077612
0.852675
0.091889
-0.728613
-0.599876
0.244922
1.256333
-0.460529
-0.700150
-0.045617
0.690374
0.803805
-0.841088
-0.798116
-0.218599
1.151190
-0.326297
-0.479239
-0.783229
-3.611979
0.054942
0.301752
-1.140292
0.354597
1.334558
-1.369473
-0.914965
-0.092493
0.129553
1.121647
-1.419643
-0.530954
0.218709
0.230814
-0.162178
0.242241
1.679432
-0.890732
0.829306
-0.131205
1.103384
0.564671
0.928954
1.075062
-0.295600
-1.083210
0.268752
-1.019930
-0.474525
0.421273
-1.183083
0.594452
-0.017756
-1.252748
0.467796
-0.226122
-0.681767
-1.452800
0.328969
-0.019206
-1.641695
1.475559
1.000572
-0.128110
0.443721
-1.274514
-0.103532
0.369121
0.803803
-1.013338
-7.538570
-0.509789
0.022651
0.963526
-1.260198
1.133559
0.146614
0.588869
0.119498
0.798358
0.643649
-0.043807
0.587328
-1.625248
0.462395
0.342508
0.436894
2.104130
0.986730
-0.294072
-1.453421
0.755438
-0.854162
-0.850391
-0.493900
0.651927
-0.051374
-0.247159
-0.444116
-1.469526
0.237776
-1.038255
-0.347755
0.542555
-1.389057
0.483650
0.791765
1.393469
0.630892
0.287748
0.578197
-0.505321
-1.330443
0.585109
-0.072047
0.706016
0.364246
-0.331586
0.670177
-0.922508
-0.476924
-8.401129
-0.259000
0.414230
-0.207691
1.236952
1.011885
0.240077
-0.827914
-0.416529
-0.061057
0.970544
0.584009
-0.900884
-1.312272
1.265939
1.051253
-1.729520
-0.058126
0.258874
0.428177
0.545321
-0.028467
1.263405
-1.025005
0.741891
1.366936
0.681408
-0.083628
0.199521
-0.850734
-0.581932
0.562576
0.243578
-1.289629
-0.907349
-0.937713
0.724043
0.672094
-1.496743
-0.856586
-0.504968
-1.627192
0.321934
-0.484980
-0.682491
-0.331595
0.217157
0.321039
-1.946792
1.064702
-1.101778
-5.083215
-0.331113
-1.425373
0.881279
0.532283
1.698931
0.214597
-0.547252
0.108981
0.650538
-0.546802
-0.528958
-0.543610
0.082171
0.229058
-0.244127
0.423749
-0.996234
0.416843
0.376167
-0.047094
0.499264
-0.759702
0.866821
1.386538
1.195830
-1.563211
-0.964448
1.397476
-0.144792
-0.601507
-0.794441
-0.673703
-0.666124
-0.965300
0.494472
-0.620559
1.384586
-1.318546
0.699636
0.038451
0.056775
-1.403765
0.964206
-0.162664
0.385590
-0.001656
-0.865156
0.885464
1.459476
0.288729
-9.954934
0.527007
-0.004817
-1.084756
-1.139994
-0.926549
-0.097556
0.872840
-0.828321
0.402635
0.239750
1.086991
1.339313
1.247988
0.582226
0.454414
-0.660279
0.020514
-1.339318
-0.977464
-1.328598
1.391116
-1.086672
-1.681581
0.059916
-1.322679
-0.019063
0.670539
-0.958729
0.056528
-0.501131
0.290323
0.662963
0.006083
0.973666
-0.648622
0.474354
0.003365
0.816033
0.838358
-0.955307
0.202718
0.488246
-1.140756
-0.375818
-0.361001
1.010207
-0.703672
0.729723
1.214970
-0.588027
-7.972724
0.706925
0.565390
-1.156885
-0.734332
1.160932
0.456753
-0.231991
-0.973877
-1.558690
1.061999
0.094112
0.858057
-0.667638
0.199697
-0.983598
-0.855952
0.171045
0.900044
-0.616606
0.907444
-0.744752
0.581419
1.083170
0.720803
-0.557307
0.687963
-0.549446
-0.974052
0.199522
0.609012
-1.269955
0.366257
0.402901
-0.589098
0.353246
0.252312
-1.376842
-0.814674
0.720420
-0.938709
-0.513540
-1.615538
1.500909
0.453957
0.237458
-0.186557
-1.254253
-1.251702
-1.347687
-0.880362
-5.740877
-0.495946
-0.999056
-1.666589
0.089128
-1.068895
0.905395
0.096739
-0.848376
-0.125472
0.307583
-1.209652
-0.734875
-1.397824
0.391392
0.639039
0.176469
0.065141
-0.902606
0.035767
0.417274
0.484638
1.458365
0.661664
-0.714493
-0.927763
0.921415
-0.202379
-0.323923
1.826075
0.273491
0.165039
0.638123
0.190684
1.502650
0.573238
0.510366
-0.363469
-1.178626
0.827019
-0.385299
-1.771798
-0.248668
-0.038779
-0.663274
0.642750
0.345014
-1.083650
0.307437
1.404932
0.350208
-6.898296
0.590829
0.954170
-0.424131
0.983262
-0.189662
0.000804
-1.204687
-0.616119
-0.284512
1.248550
0.917794
0.516883
0.167068
0.846080
0.333540
-0.180095
-0.498918
-1.423864
-0.302928
1.222841
-0.160873
-0.296645
0.322933
-0.832410
-0.505702
0.921961
-0.131357
0.555746
1.027939
-0.569429
-1.030331
-1.301189
-0.063040
0.258885
0.505294
-0.620237
0.898861
-0.111479
-0.240024
1.451684
-0.366763
-1.248986
1.284921
0.079911
0.797904
-0.375088
-1.359937
-0.061613
1.785536
-0.907586
-11.122272
-1.651830
1.868080
-1.411551
1.024487
-0.990879
-0.942220
-0.858065
0.170120
0.347130
0.416742
-0.207959
-0.063312
-1.275596
-0.924064
0.062548
0.105478
0.257198
0.596154
0.737251
0.326818
0.430935
-0.544515
0.332836
-0.608261
-1.436635
-1.576709
-0.433443
0.049004
-1.604653
0.616293
-0.696518
-0.221119
-0.201165
0.558471
-1.062425
0.595677
0.670690
0.143209
-0.101507
-0.583320
1.156347
-0.645787
1.212574
-0.959289
0.909361
-0.291459
-0.536880
0.565092
-0.566281
-0.679620
-2.366760
0.047399
0.659968
1.102766
-1.195283
-0.328562
-0.587506
-0.432939
0.751365
-1.128394
-0.582654
-0.665025
0.284383
-1.077971
0.993271
0.122225
1.041745
-0.025268
0.713414
-0.094832
1.168249
-0.433612
-1.378368
-0.377633
0.924413
1.411416
-1.632088
-0.771936
0.028099
-0.827529
0.269091
1.510315
1.744573
-1.047992
0.463780
-0.819081
0.280617
-0.813062
0.803628
0.304711
-0.415327
-1.578802
0.499605
-0.231465
-0.467059
0.888474
0.206295
-0.486391
0.053468
0.718511
0.263021
-6.700880
-0.106716
0.144968
0.884155
-1.719979
0.571797
1.054001
-0.898409
-0.254140
-0.787844
-1.984502
-1.014369
-0.305023
-0.308420
0.418412
-0.526971
0.992639
0.247695
-1.063814
-0.105399
1.247007
-1.769910
-0.437797
1.110887
0.292971
0.642213
0.017373
0.377534
0.609254
0.892365
0.150235
-1.409759
-0.497650
-0.142772
0.733905
-0.360736
-0.792398
0.670311
0.875017
0.018730
-1.027739
0.973801
0.888757
-1.474097
0.875737
-0.730082
-0.781392
0.656195
0.165073
-0.691356
-0.912283
-5.686839
0.923211
0.436461
-1.057592
-1.248715
-0.907936
0.417999
-0.251536
0.866842
0.548787
1.048254
-1.116282
-1.049510
0.223825
0.718114
-0.222282
-0.168269
0.545305
-1.157868
0.786278
0.524361
-1.877187
0.063541
-1.210007
-1.118943
0.570310
0.098643
1.602689
-0.021261
-1.037499
-0.758801
1.672258
0.784682
0.525924
-0.654292
-0.453418
-0.928175
-1.090108
0.437160
-1.026532
1.551087
0.444521
-0.555841
1.073084
0.404096
0.768598
-0.285252
-1.135495
0.425387
-0.612768
-1.257857
-6.534837
-0.290690
0.687938
0.607517
0.322078
-0.766503
-0.485715
0.133584
-0.365363
-0.148150
0.543608
-0.643736
-0.209827
0.596035
-1.228086
0.385318
0.278459
-0.104784
-0.168149
0.050153
0.683451
1.085807
1.065419
-0.399682
-0.158421
-0.393971
0.553783
1.289810
-0.604897
-1.173368
0.669563
2.118869
0.940759
-0.014294
0.923190
-0.688683
-0.125562
-0.265071
-0.663331
0.236678
-0.419819
-0.641134
1.268603
-0.409039
0.063021
-0.167571
-0.219407
-0.952154
-1.763316
1.367393
1.019338
-10.134221
-0.504774
-0.855998
1.722025
-0.491812
0.313581
-0.363344
1.128158
1.022586
0.458808
0.537865
0.700060
-0.211651
-1.074819
-1.309064
0.281019
1.450316
-0.327218
0.737917
-0.032078
-0.337794
0.541666
0.601823
0.031602
-0.105010
0.724218
0.588707
-0.631751
0.619678
-1.117634
-0.958061
-0.059947
1.336998
0.298026
-0.991445
0.602666
0.897619
-1.596787
-0.467321
0.944942
0.336407
-0.862944
0.825316
-1.121188
0.132964
-0.328090
-1.597067
0.481553
-0.505910
-0.640404
1.597990
-12.205682
-0.969857
-0.428145
0.923020
-0.043362
-0.854382
-1.135379
0.728618
-0.672331
0.406913
0.656009
0.834067
0.134559
-0.900336
-1.433634
-0.002373
1.338539
-0.470163
0.090570
0.844262
-1.348621
0.554351
0.918956
-0.165608
-0.139763
-1.354234
0.060165
0.151647
0.607711
1.696780
0.465062
-1.520779
-1.678280
-1.045717
0.324980
-0.304946
0.020391
-1.039735
-0.928961
0.471674
0.435839
0.922752
-0.065725
-0.493773
0.579859
0.461616
1.478600
1.003077
-1.123613
-0.471510
0.565905
-7.515697
0.813317
0.101141
-0.764605
-1.169661
0.682720
1.128535
1.062206
-0.787004
0.942295
0.614678
-1.042705
-1.197791
0.607043
-1.737849
0.055936
0.762504
-0.791545
0.707728
-0.543949
1.090023
-0.175584
1.359249
0.241680
0.136967
0.548550
-0.800427
-0.966861
0.144232
-0.421899
0.740618
0.237154
0.166521
-0.575841
-1.350139
0.273600
-0.910450
-1.454999
-0.461678
-0.119630
-1.055945
0.313625
0.807334
-1.631441
-0.322875
0.707470
-0.169533
0.987964
-1.659310
-1.630362
-0.762402
-6.632711
-0.179275
0.530914
-0.001875
0.809438
-0.409879
0.510364
1.331605
-1.071444
-0.460163
0.872116
1.010509
0.382377
-1.089000
1.673576
-0.105607
0.237670
-0.752143
-1.012915
0.316231
-1.418171
0.363882
0.822938
-0.717481
-1.602637
-0.773715
0.370617
1.060123
-0.452842
-0.497608
0.950126
-0.657468
-0.494698
1.609493
1.173674
0.549950
-0.180542
-0.920002
0.710845
0.010109
0.459100
0.129475
0.372351
-0.679436
0.164324
-0.305728
-1.774522
1.111664
0.289137
-1.092636
0.686881
-9.010701
1.186547
-0.898498
0.679031
0.888841
0.208290
-0.493978
1.046224
0.867862
-0.801185
-0.302535
-0.680737
-0.769472
0.337455
-1.136618
-0.884066
-0.780754
0.235126
1.287269
0.427145
-1.005213
-0.238877
-1.237776
0.427896
1.238742
0.304090
-0.868195
1.512328
-1.051841
-0.416632
0.096090
0.575446
-1.392245
1.448910
-0.505032
-1.044558
-0.515455
1.167224
0.973359
-0.541573
0.614562
0.301370
0.676572
-1.353509
-0.557363
0.559619
-0.512634
-0.016980
-0.518613
-0.890914
-1.142981
-4.447326
-0.932731
0.549046
0.449763
-0.854254
0.244633
0.709470
-0.895462
0.760261
-0.980722
0.962584
-0.259173
-0.904134
0.891320
-1.374767
-0.756597
0.989940
-1.054525
1.334026
-0.745204
-1.753032
-0.878462
-0.091335
-1.230244
0.069091
-0.595998
-0.183282
-0.907010
-1.254581
0.989552
-0.314065
1.319633
-1.394807
0.083350
1.319171
-0.157620
0.059789
0.399685
0.972985
0.068592
-0.036182
0.954880
-0.228362
-0.495944
-0.279905
-0.151221
-0.039710
-0.937628
0.304437
1.057905
1.042330
-6.812223
-0.358515
-0.557981
0.884586
-0.463239
0.975092
-0.860059
-0.774860
1.786819
0.534869
0.745437
0.957620
0.934570
0.455670
0.586456
-0.613972
-1.977681
0.482463
-1.353635
0.095341
-0.707291
-1.804060
0.526790
0.794403
-0.363792
-0.854474
0.218122
0.050374
0.143371
-0.653302
-0.447784
-0.262149
0.370143
-0.283381
0.575672
0.487574
-0.078148
-1.270559
-1.438628
-0.193549
0.501219
0.766183
-0.274523
-0.121542
-0.357259
0.296291
-1.007648
-0.358462
-0.695650
-0.630235
1.343527
-4.703085
0.092727
0.175538
0.960103
1.332780
1.302759
-0.900442
1.091374
0.277776
-0.275008
-1.957258
1.397436
-0.864579
-0.165722
0.909448
0.587254
-0.994945
0.160764
-1.799464
0.002014
-0.341467
0.753798
0.010025
-0.963725
-0.915165
-0.390077
-0.200578
-0.234581
0.798079
0.891442
0.183499
-0.725269
-0.813164
-0.828440
1.310797
-0.936038
-0.370727
1.463193
0.824262
0.898798
0.015530
0.985602
0.503521
-0.049526
-0.270287
-0.383386
-1.052328
-0.356700
-0.659602
-0.893057
-1.188956
-7.219955
-1.203675
0.167209
1.171820
0.366438
-1.433655
-0.773713
-0.222192
0.675442
0.499412
0.694591
-0.423987
-0.455418
-1.304192
0.016956
-0.745333
-0.670438
-0.632568
-1.744440
0.061919
1.246896
1.036152
-0.803870
-0.978768
-0.791675
1.053657
0.194758
0.065655
-0.041529
0.407771
0.689657
-1.079436
1.026062
1.182594
0.243644
-0.421856
0.605828
-1.794429
0.515960
0.547353
0.472306
-0.360587
-1.358698
1.534196
-0.176481
0.427195
-0.512730
0.885927
0.777267
-1.356716
-0.332676
-5.792923
-0.697090
0.613732
0.043808
-1.404477
-0.499482
-0.829855
-0.836916
-0.916095
0.775000
-2.161982
-1.035866
0.378375
1.088577
-1.798814
-0.882561
-0.146491
-0.556952
0.510436
-0.473004
-1.098707
0.894300
-0.549957
-1.605585
-1.229115
1.329342
-0.978031
0.017109
1.152153
0.722633
0.548364
-0.094086
-0.324972
-0.084755
-0.902808
0.798565
0.913995
0.507966
-0.359606
-0.848399
-0.808781
-0.629238
0.122501
0.974523
0.479595
0.203460
1.397580
-0.553474
1.146635
0.022862
-0.453199
-5.600509
0.362695
-1.032337
-1.169978
1.455765
-1.282159
0.158851
-0.864919
0.652245
-0.384836
0.380695
0.165789
0.480758
0.358669
0.356821
0.658734
-0.332563
0.452972
-1.404394
0.181868
-1.302494
-1.773598
-1.382234
-1.435106
1.039784
0.312778
0.972484
-1.164569
0.261515
1.291076
0.556178
0.848727
0.795728
-0.027190
-0.991846
0.305568
0.681424
1.526697
0.729000
0.368815
-0.600391
-0.301217
-1.741030
-1.233056
-0.631258
-0.080762
-0.384483
-0.475905
-0.552485
-0.762082
-0.466647
-4.069849
-1.641478
-0.891849
-0.867040
-1.727943
0.858227
0.017034
-0.543367
-0.169896
0.834347
-1.976355
-0.802159
0.889985
1.223350
-0.275907
0.220147
0.544014
-0.507658
0.293663
-0.024317
-0.541473
-1.692044
-0.786143
0.833959
-0.683706
-1.140144
0.307080
0.710333
-0.218133
-0.375829
-0.442054
1.120917
0.533329
0.147968
-1.046342
0.850383
0.043248
-0.413319
-0.023205
-0.857055
0.730470
-0.923731
0.032882
-0.407790
-0.413994
0.710435
-1.420890
-0.948260
-0.117551
-0.575347
1.140604
-3.949191
