-0.954482
-0.244163
0.872053
0.721502
-0.670383
0.758126
0.518765
-0.188774
0.175222
0.203082
0.103480
-0.450376
0.310361
1.115593
-0.732438
-0.611350
0.044859
0.437122
0.943398
-0.179797
0.323092
0.162741
0.491831
-0.728985
-0.895711
0.753823
-0.245322
-0.509485
-0.669290
0.644809
0.993028
-0.569711
-0.814917
0.958519
-1.321811
-0.898389
0.371380
0.981401
0.331092
-0.545171
-0.681521
-0.434723
0.317378
0.621458
-0.862217
0.581767
0.982930
1.045753
0.354815
0.535351
-0.497760
-0.466276
0.106678
-1.239429
-0.195286
0.210891
0.569419
1.179641
0.613895
-0.969009
-0.044746
0.621937
-0.710533
-0.061136
0.394089
-1.170793
0.798834
-0.144458
0.961277
0.273803
-0.456754
-0.391913
0.840355
-0.246581
-0.672931
-0.744150
-0.641545
-0.810051
-0.725705
0.553930
1.039773
-0.329762
-0.920859
-0.172373
-0.471939
-0.093020
-0.879982
-0.960825
-0.680018
0.795036
-0.633149
0.362126
0.575340
-0.119120
-0.413941
-0.164253
0.248292
-0.606897
0.590123
0.181094
0.778053
0.143010
1.059051
0.502682
0.993996
-0.875375
0.948306
-0.752811
-0.633879
0.561357
1.214129
-0.916821
-0.284419
0.887012
-0.107387
0.738630
-0.203989
-0.011974
1.111890
-0.290202
-0.286031
-0.511487
-0.455084
-0.941614
0.610595
0.130929
-0.106292
-0.262458
0.469280
-0.398826
0.825832
0.459429
0.742512
0.434986
-0.398831
0.812997
0.571848
-0.516114
0.812327
0.951870
-0.474715
0.555157
0.975803
0.180959
0.570036
-0.232210
-0.316117
-0.985220
1.161517
-0.355825
0.547609
-0.300524
-0.383197
-1.252849
-0.696397
-1.053225
0.260859
0.541932
0.127312
-0.098872
-1.442362
-0.764264
0.949851
0.917706
-0.463748
-0.294117
0.541629
-0.761110
0.091839
0.100587
-1.496359
0.682209
0.065688
-0.825312
-0.133301
-0.545189
-0.349848
0.133159
0.042946
-0.040675
-1.361512
-0.497986
0.487578
0.106394
-0.359808
-0.928035
0.596437
0.904148
0.590187
-0.160949
-0.672149
0.750309
0.555392
-0.440089
0.568159
-1.072634
0.265756
0.109139
-0.980488
-1.525964
-0.508441
-0.545710
0.860585
0.514825
-0.960265
0.008388
-0.860120
0.680034
-0.755276
0.138132
-0.489420
-0.988233
3.648529
0.956518
0.333509
-0.660103
-1.396955
-0.181139
-0.518567
0.514859
0.446050
-0.188350
0.903727
0.520462
0.503759
-0.098642
-0.073168
-0.453828
0.792364
1.149461
-0.167380
-0.559773
0.371517
-0.058183
1.770805
-0.583586
0.649731
-0.990697
-0.957485
1.255180
0.050467
-0.620903
-0.913820
-0.073177
-0.708775
0.313962
0.756594
-0.717011
-0.430250
0.401031
-1.286014
0.864238
-1.283872
0.881799
-0.098620
0.651031
-0.616774
1.081721
-0.820563
-0.656030
0.006772
-0.052637
-0.312275
0.060929
-0.845442
-0.320335
0.734212
0.804335
-0.310828
1.072337
1.377827
0.916656
-0.851603
1.254196
-0.089748
-0.304725
0.271474
-0.506527
0.620090
0.716826
0.457346
0.372592
0.270442
-3.966708
-0.139731
-0.436624
0.573807
0.560964
-0.425500
0.932837
1.045637
0.830333
0.030801
-1.108917
-0.574670
-0.259336
0.181059
-1.008644
0.088449
0.829224
-0.459152
-0.467410
1.184013
-0.569787
-0.219457
-1.065107
-0.058190
-0.768205
-0.117483
-0.847715
1.256164
-0.563906
0.131380
0.991618
-0.585147
-1.287558
-0.788628
0.410792
0.978246
-0.934107
0.844406
0.170991
-0.833617
-0.355704
0.374511
0.590365
-0.973613
-0.419717
-1.163579
0.117498
-0.642521
-0.677788
1.192987
-0.847223
-0.448427
-0.288834
-0.210837
0.125099
-0.057145
0.670967
0.693782
-0.341620
-0.837539
0.132693
-0.517892
-0.457228
-0.086873
-0.015667
-0.858287
-0.246112
0.515056
-1.061376
-0.635564
-0.519733
3.337981
0.922134
0.672747
0.209305
-0.566280
0.760876
-1.075092
0.004108
-1.110121
-0.778647
-0.233187
-0.560210
-0.179483
1.128773
-0.797109
0.810396
0.503153
0.196948
-0.547271
0.773967
-0.267012
0.261588
-1.232184
-0.725772
0.967203
-0.424869
0.422400
0.480362
-0.070554
1.106687
0.507995
-0.867530
0.672849
0.282801
0.282181
-0.901131
-0.141807
0.602239
0.267950
0.290245
0.765711
-1.068440
0.616432
-0.211757
0.819407
0.595637
-0.402733
0.223744
0.334874
0.591618
-0.275860
-1.027129
-0.379195
-0.168784
-0.797649
-0.411981
0.406577
0.565854
-0.904902
-0.643977
0.489872
0.303859
-0.479479
0.280035
-0.079252
0.778361
0.208898
0.894743
0.737888
-0.516863
0.529707
-2.052577
-0.465706
-0.391282
-0.859783
-0.395434
-0.754546
-0.447437
1.645586
0.451715
-0.871177
-0.980250
0.306190
-0.724995
0.258789
0.800876
0.375866
-0.315009
0.055301
0.480532
-0.333424
0.217062
0.121432
1.121613
-0.841751
-0.970259
0.374080
0.569705
1.223787
0.059756
-0.917850
0.018875
-0.777021
0.126051
0.292348
-0.064399
0.490671
0.751435
0.132798
-0.438939
0.446430
0.310620
-0.319182
-0.227267
-0.988590
-0.982750
-0.667756
0.380883
-0.379032
-1.530637
-0.205027
0.612417
-0.022311
0.981961
0.124535
0.041645
-0.988372
-0.501278
-0.990015
1.444274
0.369529
-0.246997
-0.017006
0.592761
-0.230858
-0.324228
0.469747
-1.260748
-0.733645
0.569897
-0.197213
0.465192
0.341666
0.655260
-0.679002
-0.637840
0.602073
-0.129130
0.720193
-0.426281
-0.126978
-0.406665
0.830615
0.460770
-0.638844
-0.632240
0.052767
-0.422363
0.689058
0.971578
-0.453866
-0.430822
-0.543979
0.470972
-0.406555
0.802829
0.941158
-0.554640
-0.911719
-0.750778
0.492732
-0.130708
0.625563
0.887540
-0.723610
-0.916917
-1.004454
-0.478883
-0.517023
0.990217
-0.715675
0.665887
-0.344209
-0.544102
0.689624
0.161539
0.447497
-0.300520
0.745939
-0.023044
-0.740704
-1.127397
0.873351
-0.156732
0.775394
-0.632212
-0.352357
0.716570
-0.187122
-0.133926
0.944221
-0.650361
0.623036
0.532482
-0.760183
-1.266698
0.539720
-0.523537
-1.037696
-0.290867
-0.886022
-0.100889
-0.843271
-0.837616
0.316545
-0.772698
-0.769781
-0.401705
-0.105783
0.966366
0.944571
0.300168
-0.717270
0.299112
-1.088498
-0.956825
0.864946
-0.177224
0.756836
-0.279937
0.772956
0.661812
-0.015305
-0.033835
0.394984
0.575141
0.325956
0.143079
0.862863
0.710291
0.871146
-0.617609
-0.528392
-0.719941
0.432845
1.133793
-0.378677
0.879820
-0.092866
0.770327
0.623163
-0.783071
-0.101794
0.951583
-0.661349
-0.003404
0.983016
-0.965463
0.757780
0.741694
-0.165522
0.130394
0.092992
0.967939
-0.543993
-0.137371
0.378973
0.806949
-0.994292
0.241861
0.345145
0.839437
0.606071
-0.871765
-1.051850
0.057756
-1.166655
-0.046351
-0.375417
-0.280393
-0.514639
-0.958506
0.183532
0.507785
-1.250907
0.233816
-0.647767
-0.729407
0.125495
-0.844942
-0.934876
-1.153196
0.372494
0.498593
-0.899554
1.220624
-0.573985
0.700397
0.982070
-0.593175
-0.192799
0.254215
-0.915166
-0.795984
0.718570
-0.407218
0.898829
0.437412
0.562775
-0.852111
-0.815488
-1.272431
-0.417982
0.744705
0.357364
-0.217235
-0.167786
1.102994
0.532063
0.740238
0.926512
0.099750
1.293263
0.356562
-0.654776
-0.999624
0.300626
-0.055644
0.533308
0.502974
0.345660
-0.737608
-1.273512
0.700473
-0.368051
0.686232
-0.789991
-0.971768
0.156506
0.772816
-0.823575
0.455005
1.510780
-0.328347
-0.331620
0.223222
0.438969
0.288411
0.103784
-0.892132
0.352290
-0.107308
0.715956
0.119887
-1.026497
0.371882
0.184492
0.541602
0.103255
-0.099613
-0.455008
-0.798889
0.284726
-0.215113
-0.951703
0.650013
-0.491811
-1.231223
0.714839
0.467491
-1.013784
0.899939
0.420010
0.546232
-1.032490
0.773304
0.034699
1.654515
-0.117077
-1.011052
-0.653839
-0.974402
0.065921
1.080244
0.100191
0.423667
-0.891044
-1.290888
-0.375028
0.027014
0.456566
0.243874
0.619348
-1.162775
-1.171034
0.120746
0.530830
-0.333502
0.953129
0.252772
-0.860737
0.941682
0.038500
-0.057698
0.682707
0.453473
-0.156472
-0.166198
0.361615
0.565408
-0.177276
0.707685
1.542950
1.209877
0.657241
-0.074784
0.545849
0.793506
-0.232203
0.892267
-0.200505
-0.628214
-0.219331
-0.010208
-0.658243
0.026688
-2.740085
0.968540
0.598308
-0.699589
0.527390
0.888913
-0.806117
-0.862970
0.038025
-0.937580
0.599894
-1.087383
0.078905
-0.260230
0.911732
0.698067
-0.137479
0.429580
0.194656
-0.462104
-0.182192
-0.632265
-0.556197
0.767077
0.898925
0.300723
-0.920547
-0.413244
1.258037
-0.348412
0.544657
-0.679242
-0.710756
0.269871
-0.549184
1.008197
0.011610
-0.130036
0.694782
-0.729727
0.388696
0.515135
-0.614274
0.848800
-0.285113
-1.008181
0.574550
0.552375
0.814493
0.088184
-0.946171
-0.754541
0.450300
-0.610865
-0.955321
0.349227
0.689855
-0.883054
-0.995802
0.663381
-0.468450
0.537919
-0.995586
0.142103
0.110018
-0.253585
-0.851537
-0.835237
0.485748
-0.596421
-0.506162
-2.070116
-0.984508
-0.086990
-0.683383
-0.368468
0.113993
1.048699
-1.095781
-0.204643
-0.004302
-0.983909
-0.280924
-0.388451
-0.526447
0.205855
0.808232
-0.698543
0.517938
0.955264
-0.216728
0.502768
0.662157
-1.223396
-0.283222
-0.298614
-0.210457
0.243188
-0.139727
-0.561573
0.371016
0.420423
-0.245392
0.587302
-0.434292
0.566518
-0.879689
0.298322
0.002693
-0.228000
-1.061165
1.307174
-0.114539
0.377313
-0.573964
0.786773
-0.693818
-0.739362
-0.756349
1.171238
-1.170393
-0.597059
0.608487
0.822188
-0.471066
-0.988160
-0.476442
0.318104
0.435762
0.588927
0.604333
0.206492
-1.256342
-0.660061
-0.347496
-0.174460
0.275424
-0.026956
-0.502125
-1.495604
0.956426
0.108206
0.788374
-0.003671
-0.886611
-0.198985
-0.174852
-0.315907
0.197515
-0.193279
-0.629892
0.197254
0.551917
-1.072036
-0.331894
1.894387
-0.266254
0.566574
0.244201
0.758236
-0.490931
-0.243582
0.503334
0.658423
-0.219938
0.968882
-0.218992
-0.381853
0.252302
0.426375
0.174028
-0.035173
1.122567
0.348146
-1.000372
-1.126398
-1.655906
-0.330334
-0.502343
0.234344
-0.843159
0.232460
-1.100659
0.655055
0.175607
0.409383
0.357092
0.033272
-0.025162
-0.403308
0.459364
1.522365
0.462988
-0.467817
0.493371
-0.413477
-0.815705
-0.725616
0.204817
0.682766
0.419428
-0.822580
-0.096187
0.610019
0.484389
0.681110
0.468453
0.961102
-0.696776
-0.772054
-0.012805
-0.918438
0.282606
2.273874
0.498070
-0.488312
-0.373783
-0.153363
-0.985400
0.491846
0.503023
0.363656
0.389243
-0.005323
1.108635
-0.216829
0.515849
-0.455156
0.109625
-0.391469
-0.776704
-0.464480
-0.323864
-0.047420
0.972772
-0.622757
-0.932696
0.438617
0.868039
-0.856758
0.697914
-0.238922
-0.821237
-0.016291
0.921830
0.728418
0.466476
-0.337426
-0.685084
0.682028
-0.902227
-1.288355
0.085767
0.576579
0.206420
-0.171708
-0.620524
-0.632884
0.137970
0.485096
-0.008682
0.366777
-0.857189
0.741597
-0.772939
-0.964013
0.995937
-0.694495
0.474633
0.864219
-0.629378
0.290394
-0.430775
-0.315392
-0.952581
-0.499010
-0.446022
0.537246
-0.001131
0.356687
0.065972
0.238999
0.006092
1.040504
-0.479669
0.911948
-0.174815
0.033075
-0.589478
-0.966322
-0.287142
0.573359
0.212382
-0.409452
-0.006400
1.081011
-0.377513
-0.403395
0.556832
-0.884725
0.012419
-1.002926
-0.273539
0.366262
0.408495
0.323903
0.450271
0.343233
-0.096265
0.031444
-0.674713
0.672139
-1.141317
0.972234
0.893775
-0.168167
0.947666
-0.069217
1.004660
0.973473
-0.358364
-0.597218
-0.382601
-0.763104
0.404440
0.900820
0.626137
0.609523
-0.174196
0.702744
0.730311
0.718878
0.835538
0.248277
0.200370
-0.310225
-0.727877
0.163092
-0.944897
0.175856
-0.805404
-1.493257
-0.740868
-0.627084
0.665597
0.440828
0.194860
0.406430
1.090465
-0.133602
-0.503235
-0.283523
0.721109
0.200012
-0.512694
0.344655
0.007906
-0.566455
-0.954571
1.064015
0.894389
1.256936
0.444887
0.582036
-0.283142
-0.278417
-0.682398
0.012250
0.996922
-0.661839
-0.834637
-0.861783
-0.495997
0.244950
-0.227454
-0.517581
-0.612537
0.702448
0.225823
-0.708531
-0.285268
0.639510
-0.079584
-0.830049
-0.370734
0.822796
-0.402072
1.063908
-0.776442
-0.647374
1.027656
-1.363663
-0.585638
0.219338
0.695989
-0.080381
1.076927
-0.955309
-0.884972
0.887603
-0.633059
-0.724771
0.979469
-0.434635
0.975751
-0.560416
0.362685
0.953542
-0.915866
-0.411249
-0.754993
-0.201152
-0.831947
0.256558
-0.039078
0.061653
0.062023
0.553544
0.212693
0.369129
-0.883610
-0.117414
0.395219
-0.747190
0.831304
-0.258966
-0.199014
0.811305
0.177065
0.847813
0.780991
0.480308
-1.129680
0.673928
-0.445909
0.678092
-0.761854
1.416031
0.676689
-1.191754
-0.922735
0.808306
0.053719
-1.504959
-0.405537
1.531746
0.840846
-0.864001
0.713627
-0.285288
0.342059
0.635327
0.316067
-0.332232
-0.954451
-0.121411
0.383722
-0.964524
-0.214645
0.205350
0.771060
0.156345
-0.849993
0.937477
-0.609765
0.074886
1.241683
-0.757134
0.154644
0.309114
-0.358144
1.191646
0.118158
0.632425
-0.762360
-0.187042
0.516956
-0.849418
-0.578709
0.079504
0.275903
0.763296
-0.285374
-0.753361
-0.946445
0.017991
0.374808
-0.838379
0.115571
-0.626374
1.139608
-0.096666
0.246125
-0.761759
0.305117
0.312196
0.546291
-3.620801
0.756157
-0.320677
0.984913
-0.644818
-0.700266
0.170293
-0.976245
-0.237545
0.449465
0.628812
-0.004303
0.850394
-0.350962
0.882541
0.649505
0.464096
-0.931850
-0.740038
-0.479216
0.490645
-0.136404
0.613540
0.843921
-0.536663
-0.391881
-0.175044
-0.182840
0.618630
-0.835521
-0.678570
-0.666703
0.826186
-0.024040
-0.738536
-0.704818
0.307780
0.431795
-0.680255
-0.869425
-0.107706
0.877559
0.102758
-0.196472
-0.380583
0.035088
-0.551738
-0.915065
0.129040
-0.175519
-0.420868
-0.396738
0.678790
-0.708011
-0.458309
-0.857872
-0.099906
0.316723
0.011295
-0.442287
0.461405
0.338531
-0.057486
0.311514
-0.629997
0.180824
0.621146
0.683668
-0.315495
0.968179
0.833279
-3.929690
0.899558
-0.032761
-0.519370
-0.682358
0.930323
-0.086061
-0.574250
0.147464
0.795644
0.524990
1.401018
0.551328
1.177095
-0.847277
0.660661
-0.473562
0.092095
-0.867840
0.318833
-0.099226
-0.969157
-1.961126
-0.594768
-0.643981
0.254120
-0.946931
-1.105429
-1.134811
-0.687684
1.208960
0.710394
1.205620
-0.296598
-0.792065
-0.881729
-0.094803
0.135186
0.519983
-0.816075
0.108867
-0.855116
0.804216
-0.559222
0.800270
-0.882464
-0.926481
-0.722317
0.646626
-0.083448
0.328971
-0.326691
-0.189053
0.393516
0.298398
0.166894
-0.352092
0.367072
0.275488
-0.318400
0.185674
1.239183
-0.572773
-0.116285
-0.914888
-0.688856
0.198819
0.171772
1.168858
-0.416488
0.421740
-1.801566
-0.141648
0.052810
0.195944
-0.338403
0.098640
0.383907
-0.069876
-0.169940
-0.909292
-0.628866
0.624520
-0.150467
1.188674
-0.450061
-0.893909
-0.657267
0.616166
0.388546
-0.404230
-0.394220
-0.259084
1.212828
-0.937177
0.003893
-0.887675
0.607085
-0.496565
1.156133
-1.636121
0.376982
-0.316872
0.567547
-0.669318
1.751477
0.671890
1.272747
0.156580
-0.452631
-0.483849
0.433697
0.143858
0.932272
-0.824099
-0.365028
-0.567722
-0.747231
0.012285
-0.881890
0.771699
-0.920691
0.238386
-0.534818
0.627914
0.400306
0.469009
0.740400
-0.537607
0.742333
0.668523
0.112535
0.222557
-0.621230
-0.850918
0.822238
-0.896043
1.263153
0.391413
0.808945
-0.484187
0.781075
-2.140203
0.456406
0.794636
-0.108946
-0.621692
-0.683506
0.219118
0.213968
-0.392260
-0.116416
-0.271634
1.033238
0.355317
-0.252587
0.208993
-0.168786
-0.406994
-0.546742
-0.513383
-0.847098
1.078941
0.795662
-0.698442
0.459635
0.544211
-0.073326
0.325957
-0.011669
-0.631257
1.232371
-0.209516
0.095193
-0.023354
-0.407597
0.958177
0.531757
-0.088832
0.146062
-0.596022
0.715741
-1.204926
0.690300
0.510661
0.390448
-0.444842
-0.395810
-0.776238
0.161336
-0.767951
0.065938
0.451708
-0.810206
-0.386895
-0.855754
0.506693
-0.842724
0.070971
-0.024996
0.834462
0.450641
-0.154507
1.423974
-0.442419
-1.205354
-0.202508
-1.269277
0.179166
0.560074
1.035491
-0.941923
0.010219
-1.105333
0.773233
-0.315735
0.134300
-0.498380
0.414525
0.599814
0.802658
-0.685886
-0.816015
-0.225576
-0.209072
0.076771
-0.129810
-1.299518
-0.050177
-0.775842
0.514040
-1.241520
0.723094
-1.032933
-0.899000
-1.549345
-0.802098
-0.315511
-0.269200
0.752625
-0.852412
-0.688851
1.128547
0.550742
-0.810077
0.652148
-1.143868
0.835411
1.154984
0.082204
-0.320275
0.036743
1.069830
-0.108496
-0.915597
-0.561793
0.674225
0.452581
-0.323970
-0.373072
0.633024
1.157177
-0.083165
0.262430
0.866540
-0.161661
0.476195
-0.729505
0.522743
-0.792770
0.490322
0.487356
-0.346275
0.628126
0.650141
-0.143001
0.200733
0.386103
-1.192008
-0.412924
-0.077195
-0.523926
-0.468161
-0.567790
-0.196325
-0.113612
0.268855
0.425401
-0.820662
0.884816
-0.563968
0.991066
0.624053
-0.184129
0.449067
1.243200
0.821819
-0.847121
0.666199
0.157725
-0.051148
0.939650
0.290680
1.105339
0.342681
-0.753294
-0.612219
-0.614905
0.604872
-0.370330
0.522095
-0.475559
0.572205
-1.202555
0.336449
0.275704
-0.599878
-0.204724
-0.259565
-0.192195
-1.643204
-0.253696
-0.251498
-0.909315
0.548031
-0.582193
0.938185
0.236982
0.218187
0.703024
-0.593700
-0.837177
0.092458
0.785876
0.754209
-0.688390
0.669634
-0.755607
-0.353815
0.274587
-0.126171
-0.723328
0.876267
-0.601837
-0.721429
0.300109
0.694640
0.285136
1.094595
-0.582202
-0.317632
-0.535501
0.226792
0.729440
-0.760262
-0.709563
-0.776640
-0.262656
0.982567
-0.075938
-0.610614
-0.509335
1.039017
0.516387
0.833524
0.380745
1.386570
0.172255
0.298601
-0.185791
-0.184739
-0.319058
-0.850504
-0.060043
0.499959
-0.204765
0.907802
-0.093683
-0.685199
0.837475
0.042455
-0.194817
-0.742817
-1.044396
-1.152869
-0.052835
-0.063574
-0.340549
0.825585
-0.426239
-1.085846
-2.095780
0.344752
0.717398
0.501757
0.040919
0.648009
0.638320
-0.333666
-0.204219
-1.028629
0.479766
0.312608
-0.364732
-0.857458
-0.736255
-0.825964
-0.971178
-0.119981
-0.756145
0.866356
0.922077
0.022163
-1.496684
-0.887735
0.802464
-0.019788
0.033764
-0.615749
0.224766
1.206110
-0.047116
0.347904
0.565901
-0.463859
0.171000
0.785036
0.708874
-0.262749
0.112436
-0.669566
-0.067536
-0.845225
0.665271
-0.965553
-0.301469
-0.741109
-0.724976
-0.264436
-0.062423
-0.067698
-0.454641
-0.060080
1.195858
-0.136840
-0.042311
0.975878
-0.993595
1.250107
-0.719043
0.085440
0.904688
0.017241
-0.517748
0.247399
1.227158
0.802528
0.666885
-0.378377
-0.671699
-0.960366
0.614717
0.507725
0.324860
0.871997
0.459640
-1.283365
0.619804
0.466213
-0.216454
-0.399829
-1.015639
0.330145
0.452670
-1.277871
-1.008049
-0.629632
0.754764
-0.893036
-0.613237
-1.092482
0.192461
-0.708314
0.780528
0.864834
0.512168
-0.348623
0.418942
0.211483
0.920724
0.627331
1.211357
0.401991
-0.267984
0.712152
0.280179
-0.758611
-2.823165
-0.065424
0.512497
-0.812119
0.542811
0.602405
0.605867
0.031491
0.649318
0.651736
0.228903
-0.083821
0.956981
0.740743
0.637568
-0.050829
-1.037073
-0.025281
-0.211925
0.378403
0.565256
0.885295
0.072257
0.212099
0.357034
-0.187881
-0.099010
-0.733657
-0.720386
-0.811850
-0.774437
0.600934
0.437252
0.453083
0.681226
-0.498234
0.873486
0.303536
0.748817
-0.107791
-0.007778
0.227345
-0.469900
-0.249895
-0.192834
-1.237277
0.697722
-0.092419
-0.541348
-1.041697
-0.483098
-1.020354
-0.723152
0.409808
0.163302
0.633834
-0.778324
-1.226050
0.938416
-0.581847
-0.693678
-1.081864
-0.944710
0.288295
0.541659
1.267017
-1.680325
0.063951
0.096860
0.728178
-1.025789
-2.119756
-0.241685
-0.321626
-0.075022
0.295308
-0.262303
-0.513029
-0.266546
0.543521
0.052249
0.094579
0.726174
0.041421
-0.488348
-0.446159
-0.000068
-0.344841
-0.169600
0.015314
0.068413
-0.659071
-0.144736
-0.028264
-0.391209
-0.422560
0.021160
-0.301822
0.869513
-1.008541
-0.997478
0.972002
-0.594469
-0.210993
-0.699875
0.327336
-0.539419
0.107967
0.964032
0.004152
-0.238935
-0.401982
-0.664510
-0.733825
-0.629149
-0.318453
-0.346276
0.344162
0.375014
1.383578
-0.977026
-0.503216
-0.003790
0.053077
0.725142
0.544645
0.630540
-0.253781
-0.570989
-0.002652
-0.023328
-0.247158
0.255973
0.407843
0.759444
0.919247
-0.409538
0.099577
0.003419
-0.501363
0.901641
1.312815
-2.623230
-0.851051
-0.934852
-0.859372
-0.317021
0.043988
0.291378
-0.673555
0.031081
0.707100
-0.296576
0.937113
-0.301685
-0.727919
0.505307
-0.619922
0.210144
1.448791
1.714440
-0.971054
-0.609950
-0.011918
0.927450
-0.433241
-0.290765
-0.645722
0.241651
0.794350
0.093680
0.568705
1.024011
-0.128573
0.396533
0.789072
0.242147
-0.948656
0.461464
-0.494642
-0.828288
1.210688
-1.211274
0.102597
0.508010
-0.009481
0.510963
-0.025180
0.388922
-0.264510
0.050866
-0.072450
-0.056012
0.564047
-0.830763
-0.403597
-1.038277
-0.121478
-0.048541
0.574261
-0.703360
-0.947266
-0.443788
-0.154248
-0.057900
1.118078
0.854887
1.285915
1.456091
-0.513614
-0.231040
-0.695540
-0.805944
-0.488709
0.363564
0.593730
0.698870
-0.227057
-0.436418
0.078971
0.525071
0.607472
-0.711678
-0.431527
0.147145
-0.565378
0.134906
0.314640
0.286828
-0.866123
-0.376795
-1.039908
-0.869929
0.232168
-0.788349
0.163745
0.127786
-1.055474
0.007332
0.098646
-0.451395
0.574616
0.357734
-0.374704
-0.708071
-0.272594
-0.812125
0.922253
0.604503
-0.157660
-0.001830
0.246497
-0.499386
0.324924
0.759163
0.681149
0.842339
-0.005165
0.016951
0.098073
0.133038
0.715712
0.203948
0.243623
-0.060589
0.418198
-0.507021
-0.824728
0.362726
0.500322
0.241752
-1.023570
0.083908
-0.328843
-0.345715
0.474165
0.367873
-0.153533
0.431126
0.035854
0.654715
-0.448589
-0.663158
-0.806056
-7.173563
-0.837612
0.926357
0.788284
0.061082
-0.077899
-0.335074
-0.952241
-0.329821
-0.811678
0.736380
0.734007
0.622445
-1.333453
1.172888
0.023636
0.637550
0.031949
-0.033614
0.205756
1.328189
0.712335
-0.913106
0.280667
-0.441678
0.819411
-0.628954
-0.667054
-0.566064
-0.166049
-0.644289
-0.646721
-0.122971
-0.203649
-1.002905
-1.610378
0.568781
0.100582
-0.705733
-0.694001
1.040271
1.043223
0.890823
-0.078504
-0.928387
0.920798
0.962733
0.795537
0.215298
0.141540
-0.324079
-0.217113
-0.218436
0.082867
-1.027032
0.339923
-0.097724
-0.791666
0.768056
0.309393
0.156860
-1.486799
0.688808
-0.806727
-0.573756
1.129248
-0.950425
-0.775502
0.175986
-0.646078
-0.571441
-0.889017
-0.699797
-0.700525
0.193836
-0.778424
-0.863291
0.444789
-1.271345
0.119649
-0.752350
-0.128987
1.078194
0.377828
0.625203
1.489842
-0.566579
-0.049734
-0.517431
-1.166123
-1.193251
1.240449
-0.616586
0.503716
0.593381
0.221335
0.774769
0.639316
0.209172
-0.067239
0.943898
0.359429
-0.035312
-0.705079
-0.984599
-1.431446
-0.103353
-1.030020
0.381474
0.058874
0.331054
1.163756
0.626802
0.174353
-0.381574
0.643644
-0.097117
0.053637
-0.476724
0.205966
0.302370
-0.221699
0.170866
0.498528
-0.357601
-0.321730
-0.280052
-0.582985
-0.662186
-0.740121
0.109249
-0.650657
0.783952
-0.966105
-0.349975
-1.360387
-0.878961
-0.053360
-0.636462
0.890653
-0.880139
0.285196
2.066602
0.813242
-0.202582
0.741865
0.315844
0.938569
-0.277688
0.788804
0.498572
0.868308
-0.317954
-0.892035
0.680909
0.714311
0.400523
-0.941679
0.825980
0.763658
-1.112879
-0.402656
-1.113352
-0.891378
0.082065
-0.307869
-0.800380
0.034774
0.983741
-0.384129
-0.462786
-0.781057
-0.958006
0.691221
1.203023
-0.033559
0.548655
0.294888
0.114606
-0.810082
0.831378
-0.580038
-1.100710
-1.046666
-0.005739
0.424202
0.434598
-0.649687
0.472526
0.172132
-1.081576
0.510321
0.980257
-0.891966
0.740379
-0.180154
-0.201688
0.940005
0.854656
-0.197320
-0.396612
-0.577561
-0.106649
-0.587618
-0.887418
-0.215772
0.088763
0.959581
-1.313944
-0.570373
0.801946
0.548020
-0.151076
0.213122
0.622992
0.794751
0.215865
0.118793
-0.876014
-0.643340
-0.782016
-0.662108
-0.682542
-0.512059
-1.324479
-1.106035
0.364233
0.045562
0.970959
-0.187014
1.201158
-0.331711
-0.494856
-0.216255
0.065283
0.652747
0.591354
-0.407647
-0.060643
0.785481
0.213530
-0.107666
0.645648
1.380761
-0.514279
0.321868
0.758176
0.765088
-1.209394
1.648312
-0.632444
-0.727575
1.183096
-0.098411
-0.411003
-0.742021
-0.236766
0.475150
0.650691
-0.260874
-0.643284
0.442464
-0.264562
0.638557
-1.009416
-0.719759
0.073822
0.760696
-0.127465
-0.986503
0.375167
0.771236
-0.292176
-0.285995
1.591054
0.214232
0.598158
0.070099
0.336813
0.370619
0.164325
0.604076
0.922757
-0.277291
-0.647249
-0.629514
0.405017
-0.227868
0.851738
-0.232770
0.531711
-0.790660
0.991856
-0.251387
0.860591
-0.990434
0.035531
-0.058884
0.606335
0.931325
-0.029499
0.000009
0.856830
0.706975
0.712412
0.631532
-0.084328
0.383231
0.052347
0.837246
0.066199
-0.771416
0.131047
-0.005263
0.374415
0.139967
0.363260
-0.218966
0.920683
0.210771
0.539152
0.453587
0.408876
0.529311
-0.805270
0.278216
0.532293
0.221360
-0.794194
0.138012
0.152989
0.175509
-0.861183
0.003247
-0.116722
0.851737
-0.368964
0.785759
0.224921
0.683383
0.623005
-0.709273
0.902838
-0.245962
0.280553
0.274247
0.884314
-0.354143
-0.937182
0.797739
0.849493
0.602820
0.238804
0.253643
0.131651
-0.312641
-0.476229
-0.345348
-0.345817
-0.352733
0.707730
0.742571
0.830826
0.923918
-0.203006
-0.245961
0.725028
0.360725
-0.544176
-0.006953
0.019023
-0.819824
0.236704
-0.061899
-0.137048
-0.456758
-0.721773
-0.178057
0.203016
-0.751010
-0.482955
0.047518
0.921623
0.845642
-0.709626
0.043695
0.275944
-0.242265
0.718264
0.834641
0.552017
0.462320
0.641833
0.452025
0.428625
-0.495525
-0.803876
0.187989
0.952620
-0.196292
-0.817362
-0.031429
-0.018548
0.426721
-0.954335
0.817773
-1.060328
-0.663769
-0.290056
0.231105
-0.414776
0.226997
-0.760845
-0.481567
0.070120
-0.419825
0.619187
-0.568171
0.356015
0.321267
-0.641571
-0.091499
-0.233841
-0.920578
-0.578602
-0.791369
-5.570809
-0.340266
0.461905
-0.432955
0.579362
0.661812
0.368029
-0.219414
0.080923
0.678180
-0.639549
-0.124718
-0.901541
0.174130
-0.797358
-0.286756
-0.599075
-0.098004
0.600940
1.162689
-0.703547
-0.053181
1.470607
-0.380708
-0.691220
-0.657177
0.574695
0.241269
-0.604305
-1.088854
0.591476
0.025443
-0.752840
-0.104514
0.625370
-1.204623
-0.941030
0.234511
-0.789115
0.638409
-0.444412
0.113069
-0.252657
-0.093699
0.981551
0.259194
0.613032
-0.646979
0.891064
-0.120359
0.902139
-0.024173
0.809984
0.840775
0.688287
-0.881216
-0.816312
0.439304
0.248054
-0.405016
0.157827
-0.820558
0.599229
0.722135
0.735191
0.343737
1.197874
-0.936442
-1.057931
-0.484224
1.029961
1.095239
0.437487
-0.589044
-0.797287
0.457755
0.533257
0.646159
0.777539
0.319204
-0.328925
0.803959
-1.447504
-0.598467
0.722970
0.854718
-0.408437
0.729800
-0.347025
0.801899
-0.693410
-1.145640
-0.536411
1.115793
0.911918
1.002577
0.030597
0.861279
-0.856914
0.434302
-0.768233
0.763655
-0.278573
1.232016
-0.844900
-0.335484
-0.018908
0.523850
-0.270886
0.245544
-0.221395
0.560779
-0.300322
0.094396
0.870979
-0.855579
0.007530
-0.540126
0.799979
1.164495
-0.796300
-0.960328
0.928837
-0.268076
0.858126
0.801848
-0.265489
-0.111445
0.521718
-0.459029
-0.686481
-0.944195
-0.872219
0.024859
0.840405
-0.870778
1.675854
-0.047989
-0.800130
-0.303686
-0.904972
0.199371
1.013882
-0.253498
-0.830694
0.928627
-0.236581
0.049341
-0.620497
-0.303268
-0.142903
-0.356225
-0.191001
0.009592
0.332869
-0.339938
-0.349475
-0.898179
0.586018
-0.672799
-0.289799
0.588468
-0.596300
0.314209
-0.157457
-0.759807
0.875984
-0.269947
0.337008
-0.858827
0.406170
0.591582
0.126524
0.458767
-0.823891
0.304856
0.453794
0.199759
-0.658956
0.762436
0.897116
0.335207
-0.669570
-0.604933
-0.967443
0.785112
0.056615
-0.339259
0.881871
-0.486626
-0.024264
-0.084958
-0.730057
0.338458
-0.941022
0.057561
0.571793
0.934971
0.787725
-0.191104
-1.130840
0.188806
-0.651009
0.210503
-0.349242
-0.278497
-0.401885
-1.012158
0.558421
-0.179569
0.914768
0.353016
-1.113036
-1.165062
0.831774
-0.904836
0.997938
-0.172090
-0.257019
0.857266
0.247235
0.582739
-0.372593
0.771906
-0.059675
-0.520646
-0.158098
-0.479074
-0.372595
-0.503845
0.614451
-0.748820
0.839722
1.065694
0.778587
-0.644730
-0.560935
-0.767161
-0.603378
-0.966725
0.038399
-0.951774
0.385613
0.286802
-0.578413
0.489085
0.208208
-0.575845
-0.903220
1.397861
-0.704350
0.746057
0.619104
-0.310466
0.267275
-0.238152
0.617197
0.916617
0.203773
-0.765911
-0.559841
0.083795
-0.292385
-0.851998
-0.123061
-0.346362
-0.477927
0.107444
-0.113591
-0.081225
0.444916
0.947933
0.127129
-0.267590
-0.008516
0.556481
1.009704
-0.734158
1.303115
-1.025284
-0.726986
-0.972860
0.577253
1.034365
-1.329260
-0.238738
-0.260187
-0.171692
-0.394305
-0.858634
-0.187123
0.545675
0.163180
0.942867
0.212388
-1.541420
-0.851511
0.644914
0.432118
0.479612
-0.310956
-0.505399
1.032179
1.046484
0.176709
-0.463693
0.479712
0.390921
-0.169489
0.380853
0.455353
0.217516
0.688906
0.507184
0.271410
-0.119446
0.283789
1.022591
0.625113
-0.278651
0.803431
-0.231714
0.687453
-0.225386
-0.407387
-0.440333
0.112050
0.317455
-0.337721
-0.121700
-0.201618
0.384845
0.398869
-1.534388
0.232379
-0.456741
-0.209081
-0.344292
1.175028
0.621430
-0.963842
0.749974
-0.018459
0.706040
-0.557078
0.749834
-0.403687
-1.066008
0.906372
-0.731609
-0.826144
0.666813
-0.487816
-0.695811
-0.083360
-0.466998
0.170143
0.893484
0.120985
1.322536
-0.671238
1.360462
0.490647
0.540679
-0.813579
-0.843032
-1.224099
-0.132012
0.017312
0.745631
-0.395037
0.125357
0.537597
0.547784
-0.261563
1.282983
0.211741
-0.345264
-0.970333
-0.103456
0.773970
-0.254011
-0.339249
-0.127836
-0.381328
0.513828
-0.335134
-0.235713
0.187611
0.999611
-1.156948
0.397301
0.710294
-0.155985
-0.058798
1.343472
0.906262
0.053429
-0.121469
-0.155473
-0.035748
0.482005
-0.993802
-0.413690
0.001703
-0.121058
-0.850343
-0.941365
-0.642302
-0.852255
-0.044921
-0.868650
-1.008439
0.485627
-0.007371
0.967573
0.286886
0.662371
-0.948887
-1.178656
0.269401
-0.896696
0.734206
0.222817
0.504060
-0.696403
0.462316
0.232780
0.834614
0.943466
-0.963695
-0.206890
0.662262
-1.492248
0.221172
-0.722814
0.067382
0.300526
-0.672478
1.050651
0.185511
0.260807
0.400780
-1.231630
-0.531758
-0.437506
-1.128268
0.728683
-1.031987
-0.377452
0.839138
0.523318
-0.144334
0.625182
-0.599821
-1.196863
-0.694585
0.796895
0.713317
-0.838326
0.948846
0.749475
0.591559
0.124599
1.381818
-0.811674
0.002570
-0.418024
0.636597
0.783306
-0.955118
0.256346
0.033708
0.505928
0.683428
1.135981
0.918586
-0.969244
0.644821
-0.915312
-0.189073
0.483857
0.608008
0.746783
-0.148149
-0.659804
0.912555
0.301806
-0.817451
0.698597
0.980872
0.699090
0.636103
-0.165901
-0.460769
-0.061527
0.293159
-3.121574
0.659319
-0.202928
-0.676277
0.706705
0.974645
0.403461
0.212005
0.613978
0.315736
0.173696
0.690443
-0.037051
0.265223
-0.609582
-0.508410
-0.084951
0.940927
0.648064
0.303638
0.863288
0.202234
0.482439
0.376554
0.002611
0.405648
-0.439153
0.880275
-0.503359
0.505879
0.043548
0.037263
0.158200
0.838242
0.359815
-0.134529
0.811583
-0.234399
-0.917672
0.425111
-0.924582
0.245570
0.115357
0.040211
-0.492097
0.502717
0.531842
0.420802
0.447284
0.173729
-0.278897
0.313686
-0.625167
-0.799371
-0.312401
0.377444
0.606277
0.250581
0.257318
-0.896840
-0.251126
-0.701787
0.138731
0.910854
-0.860293
-0.499772
-0.233743
0.948942
0.264405
-0.155309
0.376800
-0.341165
-0.906889
-0.512143
-0.616328
-0.357434
1.021009
0.911485
-1.054440
0.378603
0.086795
-0.062231
-0.145986
0.452815
-0.033291
0.443080
-0.134408
-0.549510
-0.544312
-0.982677
-0.117654
0.364685
-0.608384
0.835962
0.346564
-0.444958
-0.685760
-0.881861
-0.566694
0.536275
0.013626
0.844064
-0.106616
0.178436
-0.699668
0.342304
0.678659
-0.598540
0.218490
0.606966
0.849892
-0.663668
-0.533167
-0.481391
0.738825
0.361636
1.009307
-0.395895
0.908254
-0.229137
-0.267328
-0.415755
-0.883511
0.060943
-0.656966
0.521784
0.615981
-0.342527
0.654101
-0.933002
-0.792421
-0.485454
0.933250
0.072971
0.814366
-0.723138
-0.570735
0.450777
-0.402048
0.407188
-0.095254
-0.565449
2.300882
0.324276
-0.144790
0.556474
-0.319256
-0.242134
-1.138250
-0.736121
0.410153
-0.197378
0.248662
0.933711
0.874716
0.468700
0.287862
0.390783
-0.937097
-1.108656
1.053427
-0.482858
0.072035
0.422617
0.661043
-0.375702
0.611042
0.669832
0.852605
-1.080491
0.484535
-0.287884
-0.436001
0.083759
-0.737458
0.515155
-0.110759
-0.590664
-0.418436
-0.282672
0.480336
0.883677
0.603377
-0.578788
0.258127
0.438629
-0.994956
-0.710218
-0.165570
-0.871696
-0.193539
-0.441575
-0.624370
0.784781
0.826469
0.807029
-0.541271
0.437512
0.477287
-0.793321
0.735704
-0.256646
0.071162
-0.951597
0.882485
0.532644
1.248785
-0.468013
1.462287
0.917280
0.489733
0.277826
0.658647
-3.069082
0.790770
-0.062659
-0.690438
0.518131
0.164507
0.268570
1.536897
1.056645
0.603143
-0.882710
0.255277
0.485922
-0.616075
-0.796926
-0.092886
0.727692
-0.100819
-0.097967
-0.965688
0.237474
-0.040671
-0.492803
-0.188497
-0.331757
-0.118824
-0.272497
-0.355893
-0.840617
-1.327936
-0.582719
0.064551
1.012740
0.193134
0.237336
0.786270
-0.786278
-0.443337
0.564843
-0.799197
-1.240135
0.858568
-0.764075
0.606444
-0.973006
-0.542966
-0.487944
0.720340
-0.093211
-0.210642
-0.804381
-0.256920
-0.863777
-0.412350
0.560018
-0.195488
0.468446
-0.693759
0.228341
0.662002
-0.686908
1.120063
-0.256200
-1.421530
-0.022233
-0.761552
0.568917
0.531764
-0.060164
0.205705
1.323475
-1.323308
0.072273
-0.788735
-0.525266
-0.026564
-0.279059
0.253858
-0.266522
0.797740
-0.814887
-0.100326
-0.720566
-0.790811
1.306163
-0.595314
0.140442
0.250984
-0.577655
-0.498416
-0.039956
-0.595221
-0.557828
0.529446
-0.135395
0.527117
0.641538
-0.439675
0.121977
-0.501373
0.356839
0.147782
0.204967
0.175372
0.329895
0.871880
0.948646
0.831728
-0.320141
-0.241056
0.894343
-0.271992
0.970077
-0.610741
0.190028
0.403529
-0.413350
-0.670631
-0.491177
0.408056
0.077738
0.289216
0.753418
0.395161
-0.179568
-0.351931
-0.077741
-0.537809
-0.170168
-1.502272
-0.201072
-0.060396
-0.422594
-0.992426
1.219554
-0.817728
1.196781
0.837112
-0.689070
-1.108519
-0.537859
-0.859282
-0.383967
-0.754048
-0.486806
-0.571224
0.717762
0.010141
-0.033461
-1.575577
-1.085217
0.717853
0.330577
1.451409
0.197093
-0.252707
-0.517216
-1.012096
-0.350013
1.139462
-1.339698
0.615702
0.145705
0.109086
0.098849
-0.674024
0.388349
0.191885
-0.961272
0.533514
0.953172
-0.858858
1.085246
-0.154713
-0.246826
-0.402585
0.891323
-1.548920
0.577394
-1.006406
-0.771078
0.704971
0.908655
-0.595209
0.298234
-0.132481
-0.721661
0.694574
-0.136700
0.016318
0.257035
0.618487
-0.485869
0.843050
-0.944834
-0.894359
-0.983779
0.443420
0.298106
-1.139858
0.233586
-0.095833
-0.261059
0.211633
0.792433
0.909287
0.644909
-0.139086
1.366921
-0.121403
0.350097
-0.566615
-1.119101
-2.778784
-0.561188
0.710241
0.725447
-0.260887
0.428980
-0.614911
0.659669
-0.255327
0.582638
-0.691122
-0.364248
0.531066
-1.232836
-0.259890
0.102733
0.715248
0.675248
-1.020394
-1.409365
1.358836
0.456717
-0.436599
0.348613
-0.073014
0.528903
0.233783
0.845401
-0.383833
1.070949
-0.818563
0.505864
-0.837166
1.103411
0.274112
-0.084910
1.023495
0.848418
-0.701132
-0.572047
0.785143
-0.069061
-0.136778
0.083512
0.236457
0.731944
-0.807262
-0.025871
-0.018211
-0.690765
0.643591
-0.297536
-0.977502
-0.864422
-0.995710
-0.050516
0.664607
-0.072517
-0.696618
-0.687632
-0.040771
0.185930
0.833286
0.156302
0.022300
0.100666
0.585712
-0.501600
0.139104
-0.574392
-0.939440
-1.190715
