0.050467
-0.455117
-0.584962
-0.632180
-0.998177
0.546309
-0.145093
0.413100
-0.327014
-0.400659
0.839406
0.422982
0.520968
0.376748
0.213850
-0.790753
0.049200
-0.606497
-0.827819
0.020834
-0.494050
0.431025
0.013988
0.016160
-0.348479
0.305753
0.760089
-0.220391
0.364659
-0.414631
-0.777111
-0.595305
0.158957
-0.327930
-0.256008
0.161130
-0.697552
0.655925
-0.427339
0.015405
-0.707102
-0.599349
-0.542155
0.866493
0.855048
0.719492
-0.839788
-0.038776
-0.780957
-0.674241
-1.047014
-0.216907
0.794757
0.031896
0.833233
-0.446444
-0.612703
0.631303
0.309049
0.794400
-0.676573
0.580593
-0.714223
0.498106
-0.751618
0.039419
-0.350490
-0.456392
-0.288864
0.298387
0.580207
0.048249
0.717242
-0.918519
-0.125910
0.645842
0.823423
0.042210
-0.414626
-0.884971
-4.502528
-0.348366
-0.140195
-0.252684
0.729326
-0.683332
0.857724
-0.478266
-0.573377
0.206205
-1.071803
-0.399347
0.122886
-0.657551
-1.076015
0.320130
0.245532
0.670334
0.711872
-1.196343
-1.426637
0.277394
0.354617
-1.113101
0.050115
-0.891960
0.440926
-0.105671
0.020920
-1.225390
0.364662
-1.199406
0.157735
-0.686192
1.158527
-0.641754
-0.658818
1.168893
-0.041149
0.776959
-0.247615
0.574661
-0.670299
1.608291
0.009679
-0.668369
-0.593331
-0.392891
0.547860
-1.030447
-0.625557
0.763642
0.843144
1.048944
0.860884
-0.550119
0.836332
0.608758
-0.207945
0.178920
-1.168801
1.385086
0.719420
-0.124980
-0.733986
1.360700
1.170311
-0.049724
0.657326
-0.791790
0.238077
-0.335304
0.752782
-0.423191
-0.605934
0.179773
0.299940
-0.171935
0.755504
0.677010
1.134991
-0.548228
-0.497998
0.798576
-1.041072
-0.632683
0.134651
-0.907387
0.930209
0.354369
0.178618
1.142491
0.629404
0.328779
-0.013237
0.056052
-0.471085
-0.130740
-0.901946
-0.987569
0.528946
-0.018733
-0.418203
0.501236
0.780171
0.218421
-0.633038
0.258223
-0.396056
1.583903
0.936217
-0.841009
-1.111089
-0.691408
1.025484
-0.357049
-0.512292
-0.107100
-0.598420
-0.384670
-0.809342
0.636791
-0.419141
0.503973
-1.010556
1.429405
-0.668563
0.277197
-0.503591
0.730194
0.385890
-0.635359
-0.938098
0.749356
0.147628
0.846456
-0.683616
0.900945
-0.118785
0.176786
0.421364
-0.485053
0.269148
-0.968913
-0.301895
0.332188
-1.195115
0.988793
0.472795
0.004931
-0.960319
0.285533
-0.265302
-0.321756
0.026615
0.170965
-0.877038
0.743474
-0.475940
-0.137431
-0.263744
0.092257
0.239259
-0.233265
0.070440
-0.596759
-0.398589
0.940937
-0.660562
0.648879
-0.121543
-0.863332
-1.011855
-0.621608
-0.972048
-0.665661
-0.406974
-0.205950
-0.593776
-0.254776
0.539162
-0.426896
-0.091792
-0.891449
0.386150
0.665897
0.022132
0.777163
0.354902
0.592246
-0.846646
-0.989059
-0.111705
0.332328
-0.172377
1.601831
-1.139031
0.359046
0.742432
-0.698712
-0.126852
-0.363991
-0.374431
0.112932
-0.577176
-0.491145
1.107625
1.035121
-0.033581
-0.562058
-0.376886
-0.485908
0.106140
0.156105
-0.533248
-0.640433
-0.207758
0.839956
-0.953747
-0.891746
0.197411
-0.272690
-0.919634
0.835512
-0.742646
-0.018319
1.078170
-0.727806
-0.396832
0.825766
-0.406818
0.144402
-0.529517
-0.422332
-0.851702
0.144046
0.334998
-0.756945
-0.166141
-0.308062
-0.343366
0.363300
-0.489691
5.628813
-0.526015
-0.055581
1.035331
0.197427
-0.386733
-0.991323
0.399893
0.724676
-0.294683
0.163167
0.239234
-0.052039
-0.953930
0.222340
0.266405
-0.553238
0.295880
0.709687
0.773231
0.113843
-0.296243
0.571353
-0.393881
-1.219206
0.735315
0.299798
-0.704777
-1.165594
-0.011213
-0.162027
1.150483
0.190520
1.055699
0.576837
-0.587331
-0.562382
0.733485
0.636685
-0.699086
-0.618603
0.224508
0.784406
0.465281
0.147434
0.132793
-0.519261
0.564931
-0.833552
-0.240461
0.187130
0.766869
0.248813
-0.168868
-0.732022
0.397651
-0.441591
0.627367
0.823465
-0.261198
-0.598305
-0.543737
-0.327092
0.864753
-0.834789
-0.430669
-1.247256
-0.123527
-0.866517
0.696663
0.210957
-0.534127
-0.350035
0.076435
-0.747772
0.728894
-0.728570
0.205882
0.510961
-0.797182
0.374698
-1.298862
-0.511447
-1.206492
0.295831
-0.223780
1.555610
0.874373
-0.231378
0.456410
-0.264877
-0.433714
1.237957
0.575367
-0.734202
-0.714042
0.876131
-0.522156
0.116611
-1.363455
-1.434022
-0.983777
-0.359353
0.002660
0.020040
0.111598
-0.440801
1.007883
0.928246
1.564287
-0.582731
0.004779
-0.747626
-0.231120
0.708487
0.354161
0.211689
0.695557
0.044505
0.938034
0.130600
0.116698
-0.556895
-0.133032
0.571533
0.718646
-0.026265
1.355176
0.758756
-1.194845
0.761185
0.786015
-0.736222
-0.559629
-0.046882
0.464347
0.175202
0.364508
0.006437
0.609143
0.723777
-0.097862
-1.382671
0.650365
-1.310972
0.772140
0.253876
1.091903
0.515732
-0.109879
0.514497
-1.449394
0.637596
-0.715042
0.174483
0.184648
0.087079
-0.696188
-0.079532
-0.024143
-0.710311
-1.031241
-3.850490
-0.220767
-0.282905
-1.386715
-0.722334
-1.276577
0.389835
0.091532
0.325043
-0.368344
-0.511119
0.885029
-0.428164
-0.233381
-0.024217
1.603107
-0.768586
-1.016838
-0.369094
0.694231
-0.346501
0.907790
0.853204
1.551620
0.053387
0.490071
-1.078066
1.607453
-0.732461
-0.070437
-0.442225
-1.094189
0.398780
0.486429
-1.046925
1.421669
1.343053
0.037785
0.115667
0.446560
-0.322980
0.785283
-0.425231
-0.300670
-0.487660
0.976243
-1.148019
-0.476400
0.633546
-0.944550
-0.771281
-0.385261
-0.364291
-0.993609
-0.482159
0.370642
0.639187
-0.212862
1.283774
-0.652032
0.278846
-0.448633
-0.569344
-0.123904
1.315396
-1.273840
-0.716422
1.174686
0.789592
0.982639
0.155866
-0.960210
0.617213
0.830248
-0.648204
1.146662
0.423763
-0.596519
-0.421411
0.464103
0.242701
-0.001267
0.986830
0.869531
-0.199352
-0.481971
0.609657
-0.603937
0.313345
0.267388
-0.208961
-0.147998
0.491525
0.231426
0.876988
0.329682
0.706387
-0.290098
0.144989
0.635143
-0.375816
-0.718936
0.680990
-0.714872
-0.996208
-0.834928
-0.775129
0.420025
-0.262790
-0.283804
-0.192032
-0.986961
0.414520
-0.224420
0.916502
-0.817913
0.283922
0.521995
-0.388169
-0.377562
-0.215025
0.424864
0.481173
-0.736473
-0.362503
0.367009
0.607303
-0.612313
-0.909201
-0.245347
-0.940356
-0.286757
0.008270
0.751673
-0.009159
0.030814
0.952210
0.246035
-0.538187
-0.332652
0.958028
0.276898
-0.270924
0.381378
-0.915446
-0.373180
0.580101
0.350374
-0.833251
-0.813255
-0.987402
-0.037369
0.635681
0.492841
0.245513
-0.689624
-0.131878
-0.133254
-0.301915
-0.046312
0.604372
-0.213776
-1.869163
-0.338628
-0.445230
-0.267589
0.704700
-0.195852
0.916687
-1.270141
0.132731
0.861496
0.406306
0.828980
0.453915
0.524311
-0.428451
0.028510
-0.122980
-0.419945
0.014779
-0.217777
-0.141282
-0.289183
-1.085556
-0.449546
0.299371
0.282338
0.751432
1.002234
-0.559565
0.855223
-0.496519
1.384324
-0.932253
-0.265903
-0.001834
0.988695
0.140213
-0.015728
0.981316
-0.313613
-0.180441
0.906178
-0.606206
0.910407
0.041563
-0.109065
-0.369227
0.918217
1.535192
0.693953
-0.046589
0.494471
-0.524655
0.704538
-0.551161
0.013272
-0.401399
-0.717516
0.896945
0.208875
0.784677
0.548938
-0.219729
1.924298
-0.327395
0.623522
0.919968
-0.889986
0.889198
1.376672
0.303595
-0.808835
0.141835
0.259019
-0.561100
-2.112536
-0.345987
-0.071916
-1.319237
-1.444570
-1.385399
-0.675480
0.851033
0.104561
-0.855247
-0.685712
-0.425614
-0.326956
-0.427876
0.850388
0.508929
-0.623720
0.596618
-0.718161
-0.781666
-0.636389
0.712441
0.887138
-0.326654
0.704111
0.538548
0.600188
-0.810813
-0.268051
0.047333
-0.533675
-0.200302
0.619064
0.431608
-0.110004
-1.002643
-0.994387
0.802360
0.822105
0.164473
-1.003613
-0.854984
0.804014
-0.253401
-0.184745
0.569722
-0.675426
0.215777
0.170645
-0.375118
0.471842
0.622063
-0.616256
0.390119
-0.695811
-0.770347
-0.047251
0.878298
-0.521752
0.724283
-0.001365
0.029944
-0.371242
-0.312969
-0.613660
0.508038
-0.257706
-0.449839
0.379876
-0.347432
0.686570
0.362716
-0.142119
0.439726
-0.947087
0.686658
0.122487
-0.554539
-0.016147
-0.683820
0.111804
-0.550259
-0.940579
0.552920
0.857885
-0.693576
0.820613
-6.060500
-0.692921
-0.686712
-0.784164
0.381398
0.023545
0.291884
-1.340746
0.802393
-0.091543
0.075760
-0.435428
-0.963329
1.252053
-1.072053
0.837897
-0.387025
0.929618
0.649940
-0.767453
-0.096578
-0.776958
0.203388
0.258995
0.541550
0.707714
0.133684
0.052964
0.538392
0.791865
-0.131968
-0.299212
0.738129
0.541792
0.127845
0.500298
-0.959888
-0.635710
0.290652
-0.520639
0.421982
-0.802386
-0.332535
0.270824
0.717121
0.060334
0.021812
-0.689607
-0.365888
-0.178124
-0.421234
0.052829
0.088062
1.128013
-0.842747
-0.261120
0.512176
0.287280
0.587993
0.176396
-0.223976
-0.904597
0.618380
-0.236346
0.723096
-0.461531
0.725588
-0.613607
0.166277
-0.127500
-0.934200
0.033635
0.281463
0.346531
-0.971034
0.621508
-0.894600
0.213252
0.513673
-0.709267
-1.236032
0.146990
0.464154
0.303685
0.557963
0.618516
0.700654
0.255069
-0.185488
0.237593
-0.608777
1.000666
0.406372
-1.267703
-0.201721
0.186133
-0.475367
1.065269
0.853024
-1.466867
-0.263760
1.441029
-0.496867
-0.740293
0.559061
-0.457974
0.307444
-0.193726
0.708335
-1.174754
1.456767
0.797456
0.461107
0.079337
0.329952
-0.581849
-0.339802
-0.177323
0.155591
0.724062
1.351387
-1.590348
0.140414
0.982567
-1.569501
0.306056
0.036171
-0.286718
0.594716
-1.057302
0.181808
-0.388606
-0.994371
0.306958
-0.465476
0.260603
1.594825
-0.587716
-0.408010
0.756524
-0.247935
-0.617864
0.989832
0.526376
0.910281
-1.006820
0.872967
-1.225124
0.383204
0.419718
-1.438019
-0.085502
1.071416
0.510893
-0.407267
0.734985
0.549842
0.465506
-0.450909
-0.345291
0.409310
0.743766
0.059672
0.454199
-0.833626
-0.772631
-0.280980
-0.194673
-0.588240
0.708699
-0.876195
0.281156
0.702675
0.944034
-0.247341
0.631396
0.725091
-0.164539
0.806187
-0.787309
-0.853225
0.902666
-1.026510
0.917985
0.724622
-0.034435
0.843260
-0.443741
-0.510782
-1.040186
-0.085615
0.748660
0.299717
-0.037852
0.165022
1.552986
-0.439917
1.110678
-0.474392
0.102870
0.251447
0.185576
-0.691106
-0.669604
-1.111819
0.307420
-1.162961
-0.486902
-1.302010
0.878386
0.782299
-0.102555
0.837497
0.505142
-0.324207
-0.701315
-0.584149
-0.491327
0.843625
-0.300985
-0.921015
0.298515
-0.700811
0.404749
0.824398
0.988829
1.220495
-0.743060
0.726493
1.102250
-0.694863
-0.694369
-0.766434
1.123609
0.648556
-0.102593
-0.140266
1.105670
-0.326189
0.837075
0.766287
-1.172530
0.906396
-1.622629
0.547275
-0.437024
-0.335079
0.988845
-0.201682
-0.601610
-0.256906
0.101765
0.447456
0.139372
-0.255389
0.287046
-0.256539
-0.680915
-0.850203
-0.749385
-0.674507
-0.525591
0.048587
-0.142739
0.583882
-0.300118
0.507493
-0.665684
-0.317388
-0.749077
0.449994
-0.516837
-0.768666
0.383859
0.968080
0.828720
0.873344
-0.315801
0.775307
-0.327419
-0.065999
-0.532480
0.816880
-0.678248
0.602216
-0.442305
0.580410
-0.728593
-0.240997
0.627854
-0.533003
0.041500
0.978308
0.490660
0.874157
0.491480
-0.836030
0.325098
0.768379
-0.280390
0.519862
0.250972
0.156331
0.702154
-0.468728
0.100377
0.422649
-0.601545
0.745470
0.226971
0.076963
-0.278966
0.643339
-0.202897
0.009587
0.131909
0.321913
-0.473915
0.406288
1.017392
-0.866933
0.847767
0.070885
-0.940079
6.824872
-0.198396
0.983187
0.775247
-0.947891
0.338214
-0.956664
0.808716
-0.557695
0.169338
0.176576
0.234683
-1.398093
-0.547552
0.335913
0.898109
0.754181
-1.197794
-0.289242
0.473424
0.805148
0.593673
-0.896885
-1.165580
-0.996394
0.811614
-0.570483
-0.933183
0.141942
-0.128922
-0.879201
-0.580536
-0.953794
0.907458
-0.512324
-0.668706
-0.312689
-0.353846
0.699267
0.445453
0.458566
-0.167459
-0.415582
0.622395
0.112635
0.859772
0.676123
0.080003
0.763897
-0.680751
-0.541685
-0.057217
0.900773
-0.412912
0.254083
1.662433
-0.479402
0.577974
-1.379454
-1.077834
0.067568
-0.840908
0.116573
0.306519
1.243867
0.773279
0.158365
-0.084543
0.550765
0.229819
-1.034136
0.363718
0.731179
-0.564082
-0.171506
0.631807
0.869618
-0.414776
-0.813086
0.800437
-0.405652
0.156662
-0.243761
-0.259016
0.297465
-0.983556
-0.229563
0.859026
0.589388
-0.160914
-0.910152
-0.565538
0.042269
0.250921
0.421386
-0.132868
-0.343105
-0.325362
0.644719
-0.814713
0.523931
0.673144
0.242580
0.250400
-0.913575
-0.941387
-0.740931
-1.002112
-0.383382
-0.610132
0.794894
0.389307
0.047167
-0.470569
-0.777934
-0.731713
-0.449242
-0.031272
-0.764945
-0.820448
0.832995
-0.634162
-0.364247
-0.152953
0.644244
-0.804152
0.829247
-0.774029
-0.109612
0.458525
-0.523494
-0.604242
0.110485
0.809454
0.634412
0.186956
0.925947
-0.985902
0.195325
-0.553754
-0.567833
0.078539
0.923305
0.472123
0.614218
-0.857766
0.732415
-0.787743
0.091008
0.964130
-0.608919
-0.022780
-0.688708
0.096226
0.854275
-1.017260
0.254768
0.623930
-0.737375
-0.892762
0.109858
-0.263846
-5.114092
-0.668173
-0.160392
-0.872003
0.561075
-0.662781
-0.690559
0.028988
-0.047301
-0.185367
0.866916
0.195092
-0.673942
0.401085
0.178185
-0.504160
0.919930
-0.135915
-0.846470
-0.843329
0.590210
-0.599283
0.215981
-0.530199
-0.756078
-0.367519
-0.101646
-0.374071
-0.020596
-0.997167
0.418372
0.439323
-0.625752
1.604086
0.398711
0.809186
-1.438489
1.330182
-0.238643
-0.055897
0.129883
-0.342905
-0.632912
-0.181997
-0.777537
0.170372
0.137745
-0.946871
1.078702
-0.009927
-0.793055
-0.170556
0.402963
0.657640
0.972104
0.515590
-0.851098
-0.165559
-0.684120
0.156474
-0.189858
1.058445
-0.684907
0.718097
1.169126
1.258050
0.265647
-0.933536
0.858793
0.697017
0.464652
-0.520798
-0.448182
0.799935
0.581947
-0.413475
0.160224
-0.617410
-0.211534
-0.640690
-0.009058
0.270750
0.581440
-0.186925
-0.205894
0.545225
-0.773576
-0.015951
-0.152223
0.182973
0.941330
0.565095
0.378936
-0.498300
-0.174624
-0.368559
-0.502430
0.261469
-0.456575
-0.926509
0.556482
-1.099698
-0.401650
1.134925
-0.553601
-0.816751
-0.254835
1.267514
-0.706690
0.515130
-1.117942
-0.947026
-0.687401
-0.852038
-0.089506
0.820661
0.497510
0.630690
-0.373821
-0.971373
0.015842
-0.721596
0.524444
0.745476
0.126395
1.677943
-0.066368
0.033302
0.217024
-1.040334
0.201622
-0.336105
-0.247233
0.832851
0.080405
0.350134
1.510256
0.444892
0.132903
-0.520875
-0.061376
0.867354
-0.581572
0.773191
0.554816
0.605998
0.129737
0.582077
0.474403
0.859540
0.421609
-1.662543
-0.619792
-0.201495
-0.822811
0.243295
0.046015
-0.107926
-0.524400
0.805067
0.105113
0.296670
-1.948407
0.736286
0.255193
0.010479
0.104624
-0.456143
-0.606917
-1.131149
0.607546
0.429524
1.064097
-0.892155
-0.234697
0.737534
0.338124
-0.599140
0.199242
-0.247332
-0.470070
-0.166816
-0.038182
-0.324201
0.791634
0.584937
0.954790
-0.859036
-0.941091
-0.845252
0.863910
-0.254761
0.535752
-0.848938
-0.175837
-0.402608
0.420180
1.023713
1.241408
0.722404
-0.818372
0.416144
0.300923
-0.910886
0.474944
-0.291194
-1.077444
0.550471
-0.203187
0.338741
-0.316439
0.100732
-0.624897
0.515828
-0.946043
0.749502
-0.305590
1.374256
-0.861746
-0.178280
-1.206452
-1.094811
0.982212
0.524520
-0.707509
-0.625820
-0.652253
0.077212
-0.398627
-0.545866
0.375623
0.100606
1.078863
-0.194810
0.227374
0.522278
-0.030518
0.498487
-0.026338
-1.100835
-0.475002
0.508091
0.527551
-3.994245
0.040873
0.590503
-1.218375
0.775090
0.381837
-0.159594
-0.342182
0.424181
-0.162090
-0.428262
0.008427
0.466451
0.796546
1.163337
-0.659372
-0.991841
1.260995
-1.206619
0.444270
0.673408
-0.296468
-0.796657
0.417063
0.569243
0.491587
-0.530564
0.483200
-1.477244
1.056524
0.072595
0.244436
-0.082697
-0.424487
0.586804
-0.534959
0.735097
-0.821311
0.302871
0.441121
-0.577353
1.590558
-0.366815
-0.825354
0.396472
1.258827
-0.013693
0.281529
0.886335
-0.077858
-0.817091
0.581771
0.878182
-0.461696
-0.039465
0.824787
-0.754711
0.374046
0.113581
-1.533242
0.084614
-0.058974
-0.057362
-1.035047
-0.011527
-0.746569
-0.197051
-0.273283
-0.058839
-0.748998
0.969613
-1.066198
-0.894021
0.930830
-0.557147
0.921684
0.900453
1.222747
-0.184548
0.769586
-0.370474
1.570656
0.142347
-1.031860
0.940714
-0.913806
-1.053186
0.597266
0.466988
0.439513
0.670995
-0.358219
0.680054
-0.818115
-0.454805
-0.697382
-0.013571
0.577288
-0.308657
-1.056912
1.445384
0.342933
-0.762316
-0.594530
-0.639872
-0.995691
0.440555
-0.632873
-1.287219
-1.349560
-1.700981
0.020090
-0.186154
0.265833
0.979145
-0.000417
0.001560
1.238594
-0.578079
-0.232168
1.067326
1.055739
0.698955
-0.117213
-0.865511
-0.518927
0.436785
1.386707
-0.926828
-0.443498
0.419191
-1.028380
0.339553
0.903011
-0.438009
-0.931528
-0.314721
0.692594
-0.387768
0.197411
1.056373
-0.143854
1.295163
-0.408092
-1.157136
0.220891
0.434530
1.247160
0.908979
0.313526
-1.182774
-0.442050
0.171608
0.681010
0.687852
0.876535
-0.965399
0.188068
0.392991
-1.148987
1.645953
-0.094376
0.635376
-0.048489
-0.188217
-0.751018
0.010205
0.434313
0.783879
0.660107
-0.710661
0.347850
-0.631712
-0.828137
0.901422
-0.621602
0.679489
0.121631
0.772760
-0.000898
-0.545727
0.956530
0.468831
0.642457
0.627345
-0.021316
0.267344
0.669567
0.995041
-0.480280
0.750442
0.628352
0.492199
0.892089
-0.409402
-0.656018
-0.885179
0.553910
0.709805
0.826094
0.179385
1.024676
0.149481
0.533981
-0.800423
0.092562
0.871635
0.829223
-0.828898
0.626017
-0.217952
-0.423867
0.586619
-0.759961
-0.835440
0.172586
0.186899
0.462290
-0.180702
0.166810
0.947997
-0.407011
-0.228904
0.410277
-0.597146
0.304089
0.715068
-0.482493
-0.145634
0.390262
-0.622659
-0.956702
0.394226
0.536565
0.527353
0.558698
-0.418132
0.444695
0.377869
-0.281191
0.036586
-0.845445
0.257341
2.001734
-0.670299
0.399047
0.798086
0.480572
-0.181860
-0.358135
-0.350205
-0.243303
0.183914
0.357563
-0.848077
0.577506
-0.336618
0.868893
-0.920384
0.508138
0.268621
-0.580592
0.528674
-0.375371
0.890591
0.011384
-0.807906
-0.548544
-0.540043
0.530326
0.094704
0.471701
0.653851
-0.627326
-0.916779
1.008799
0.719120
0.813397
0.482238
-0.459185
-0.600907
-0.928392
0.325135
0.544286
0.392445
0.478273
0.119236
-0.974271
0.274703
0.114727
0.487170
-0.504666
0.500165
0.012184
0.145416
0.326146
0.968195
0.285866
0.736388
-0.606150
-0.210776
-0.140161
0.822848
-0.615549
0.136586
0.844451
-0.637521
-0.143983
0.674166
0.759765
0.441037
-0.900814
0.837763
-0.309292
0.591225
0.204556
-0.823886
-0.318583
0.255590
0.402825
0.792625
-0.268242
0.932023
0.242960
3.714826
-0.020776
-0.258423
1.083757
-0.782329
-1.445740
-1.032660
-0.654290
0.087382
0.815772
0.844651
-1.041977
0.074265
0.988047
-0.702207
0.260798
0.390737
-0.696371
0.579827
-0.149026
0.079861
-0.055205
-0.527395
0.968614
0.552306
0.615083
0.118790
0.500299
-0.915563
-0.816024
-0.475930
-0.897775
0.542847
-0.338213
1.091683
1.018725
0.579660
0.995572
-0.239654
-0.475424
0.672606
-1.186760
-0.481408
0.553554
0.797854
1.178437
-0.653724
0.159238
-0.467476
0.683046
-0.758227
0.367666
-0.202435
-0.463580
-0.355661
-0.579755
-0.625432
0.332282
0.719601
-0.593628
1.267838
-1.521751
-0.143428
0.824363
0.190850
-0.647486
0.221636
-0.357226
-0.820027
-1.273968
0.397948
0.992463
-0.841843
0.724246
-0.075483
1.446453
0.749033
0.972911
0.051359
-0.834369
0.468088
-2.654047
0.440107
1.666729
-1.368554
-0.875802
-0.055037
-0.309417
0.125461
-0.856499
0.515499
0.122285
-0.136423
-0.910930
0.412497
1.002385
-0.077494
-0.628537
-1.026500
0.201146
-0.481648
0.507124
-0.176536
-0.546097
1.154023
0.867749
-0.709449
1.030591
0.174792
0.289095
1.152721
-0.798005
-0.484055
0.034928
-0.945684
0.036867
0.522311
-0.614965
1.190009
-0.256924
-0.306664
0.532790
-1.286102
-0.056577
0.873786
-0.357804
0.721725
-0.612111
0.301937
1.067250
0.778589
0.720732
0.599269
-0.384063
-1.048634
0.527057
-1.148966
-0.662129
0.199848
0.435834
1.236789
-0.014908
0.869407
-0.452314
-1.392872
2.175901
0.879741
0.797260
-0.878717
0.354568
-0.834975
0.241267
-0.045258
-0.829177
-0.511517
-0.837458
0.072479
0.337533
-0.585222
-0.099959
0.313220
-0.552925
-1.820870
-0.336621
0.730064
-1.596636
-0.782093
1.093837
-0.602019
0.317165
0.272660
-0.798310
-0.655332
-0.278479
0.238651
-0.476561
-0.107207
-0.456213
0.843231
0.359538
0.594746
0.565080
-0.507052
-0.569367
1.012253
-0.366721
-0.216129
0.148140
1.077441
-1.126148
1.121476
-0.217808
-0.020288
0.575056
0.484962
-0.699138
0.928606
0.166290
-0.523669
-0.731001
0.189021
0.362098
-0.834433
0.482139
-0.430546
0.312942
-1.041255
0.800277
0.541344
0.795513
-0.486862
-0.079112
0.165249
-0.362269
0.442374
1.269562
0.182176
-0.712017
-0.382718
0.038222
-0.953739
-0.469854
1.255604
0.395101
-0.970869
0.332928
1.565766
0.842739
-0.095438
-1.052384
0.987451
-0.922099
-0.596031
-0.987039
-1.000865
-0.273264
0.214071
-1.643259
-0.708269
-0.023317
1.296453
-0.474173
0.240532
-2.158299
0.311829
0.081390
-0.040998
-0.492618
0.419573
0.622247
0.577588
0.775295
0.937019
0.582713
0.158317
0.877717
0.065499
0.142213
0.717372
-0.685618
0.573100
0.764570
-0.245359
0.854847
-0.913116
-0.253802
-0.261610
0.393482
-0.191134
-0.069034
-0.927714
-0.368478
0.588321
0.720101
0.993912
-0.099705
-0.260849
-0.073703
0.403944
-0.764314
-0.514628
-0.040506
0.931096
-0.589109
-0.502720
0.111874
-0.662166
0.507268
-0.784612
-0.919262
0.812510
0.750381
0.808771
-0.431059
0.557225
0.842005
0.242457
-0.754216
0.288273
-0.946696
0.158167
0.274652
-0.339682
-0.272964
-0.001547
-0.364406
0.558197
0.728313
0.520049
-0.044744
0.920719
-0.942941
0.976171
0.827974
-0.507921
-0.594636
-0.085636
-0.213683
0.998864
0.065391
-0.195150
0.750132
-0.179015
-0.392407
3.334574
-0.663005
-0.970678
0.876707
-0.446833
0.787563
0.585459
0.871188
-0.052695
-0.745618
-0.669589
0.866324
0.014210
0.664935
0.871845
-0.433555
-0.172751
-0.020468
-0.649028
-0.171071
0.396625
-0.101727
0.343321
-0.867259
0.563256
0.058798
0.246998
-0.580843
-0.688932
-0.854711
0.045746
0.006332
-0.738459
0.282294
-0.623048
-0.135782
0.344373
-1.285913
-0.431086
-0.735173
-0.583229
0.166529
-0.975153
0.387485
-0.340395
0.879930
0.807611
0.681888
0.153098
-0.711302
-0.674014
-0.554284
0.195555
1.214062
-0.365467
-0.197267
-0.300629
0.874255
-0.434646
0.481132
1.241641
-1.086219
-0.326734
-0.941755
0.959472
0.167513
0.390548
-0.743039
0.552263
1.056203
0.154555
-1.347908
-0.267348
0.160730
0.390189
0.967650
-0.115302
0.902435
0.404427
-1.391244
1.356905
-1.999693
-0.526621
-0.222009
0.527886
0.126271
0.692950
0.915833
0.419551
0.043511
0.471324
-0.522258
0.489123
-0.859291
0.216389
0.143028
1.137238
-0.334890
-0.586773
0.074044
-0.634571
0.622965
0.264726
-0.117772
-0.276262
0.272330
-0.425100
-0.027152
-0.777373
0.446871
1.084275
0.923856
0.742438
-0.896467
0.018599
-0.471584
-0.188546
-0.875760
-0.378610
-0.815588
0.848037
-0.911701
-0.021182
0.172359
-0.741622
-1.209557
-0.821316
0.668041
0.013478
-0.586625
-0.481219
0.595899
-0.854527
-0.967347
-0.473860
-0.143945
-0.405002
0.004921
-0.593803
0.173336
-0.290300
0.883418
0.007227
-0.792517
-0.854542
1.199000
-0.108136
0.116929
-0.908224
0.494704
0.899221
-1.073300
0.852609
-0.473368
0.084462
0.633007
-0.505671
0.325590
0.050644
0.916287
0.757385
1.119066
-0.175852
-0.855840
-1.070733
1.134518
0.010387
-0.396788
-0.315276
0.469390
-0.972358
0.452913
0.465305
0.579211
0.457142
0.333582
0.251625
-0.135102
-0.473652
0.282987
1.119518
1.224224
-0.037436
0.310247
-0.418181
-0.569640
0.020150
0.291851
1.045473
-0.409750
0.766726
1.086007
-0.894933
-1.152779
0.744412
-1.341691
-1.177255
0.724816
0.096996
-0.137801
-0.661592
0.336972
0.203037
0.909817
-1.284324
-0.532635
1.440608
0.017395
-0.044967
0.817199
-0.197539
-0.027817
0.489650
0.876162
-0.853847
-0.857463
-0.692300
0.090612
0.371930
-0.925903
0.686647
-0.926269
0.902912
0.155692
0.281849
0.610037
0.552253
0.251106
-0.028633
-0.400035
-0.648509
-0.699622
0.715824
-0.069721
-0.224693
0.845394
0.156406
1.671597
-0.029770
-1.372306
0.950380
0.824877
0.190361
-3.587809
0.575970
0.124861
1.030890
0.930756
-0.762563
0.160642
-0.886283
0.312634
0.927954
0.955686
-0.231343
0.049376
0.554155
-0.630989
-0.214995
-0.690571
-0.375309
0.281151
0.207749
0.441385
-0.752821
-1.109968
-0.442957
0.563816
-0.911195
0.968113
0.666090
1.304917
1.053710
-0.559053
-0.104597
-0.094756
-0.136244
0.185097
0.166725
0.611673
-1.146391
0.081860
0.375225
-1.102444
0.618414
0.444114
0.593713
-0.675593
1.557418
-0.892301
0.147128
-0.000003
0.511343
-0.651804
0.559320
0.484986
-0.182432
-0.728225
0.589089
-0.362203
-0.860845
-0.709495
-0.938158
0.799831
-0.370252
0.940644
0.019217
-0.105729
-0.045254
1.060907
0.836179
-0.053466
-0.426584
0.387953
0.021743
0.912333
-1.023565
-0.530409
-0.801818
-0.959677
-0.188919
1.096192
-0.388178
0.844323
0.014437
-0.440809
0.604966
0.200973
-0.163812
-0.140798
0.839442
0.167127
-0.226112
-0.562113
-0.338114
0.659479
-0.805682
0.526866
-0.906119
0.924061
0.177068
-1.046421
-0.322473
-1.138897
-0.324681
0.745331
0.960021
0.827333
-0.376667
-0.359590
1.067081
-0.507078
-1.620268
-0.256924
-0.433913
-0.433416
0.190673
0.925208
0.979442
1.183574
-0.716592
1.081356
-0.026362
-0.638106
-1.205997
0.852041
-0.458733
-1.134301
0.178062
-0.148624
1.027887
-0.879720
-0.112896
-0.999946
-0.930614
0.996652
0.988942
-0.589174
0.345505
-0.514390
-0.254014
-0.093854
-0.258785
0.634261
0.607821
0.447721
0.991886
-0.307794
-0.136000
1.361561
-0.315556
0.417772
0.646504
0.862721
-1.505367
0.685429
0.002909
-0.296151
-0.786755
-0.556829
0.596939
-1.366991
-0.656187
-0.592782
-0.564576
0.727157
-0.583611
-0.898242
-0.779235
0.737905
-0.716525
0.140127
-0.955135
0.466186
-0.722551
-0.915580
0.539485
-1.131678
-0.626612
-0.500082
-0.119779
0.000900
0.532005
1.104047
-0.392824
0.827845
0.488924
0.930478
-0.903568
0.979300
0.833642
1.523207
1.170127
-0.869494
-0.564698
-0.981151
-0.693018
-0.376179
-1.483179
0.042826
0.129655
0.324718
0.989631
0.105696
-0.586553
-0.305551
0.420154
0.449013
-0.636686
1.020792
0.706785
-0.115108
0.030916
1.349436
-0.308353
0.503018
0.059964
-0.915248
0.623934
0.512102
0.855211
0.354029
0.439092
0.312511
0.366340
1.100114
0.768513
0.721867
-0.964803
1.443645
-0.224593
0.331846
-0.467474
-0.697537
-0.837409
-0.651446
0.143484
0.483217
-0.932818
0.326819
0.626608
0.897126
-1.091995
-0.876960
0.172833
0.085425
-1.806284
-0.820213
0.007829
1.006201
0.712310
-0.510743
-0.105214
0.010633
-0.787912
-0.728906
0.137250
0.825355
0.704453
0.007784
0.621296
-0.614472
-0.385858
-0.612991
-0.032828
-0.096624
0.597009
0.790436
-0.669725
0.505964
0.183600
0.721055
0.352675
0.702535
-0.943877
-1.066738
-0.930681
-0.993417
-0.410322
-0.347412
0.953948
-0.784574
0.770882
-0.106697
0.473803
0.774508
0.015400
-0.347558
0.922751
0.118178
0.933139
0.354280
0.509529
-0.348367
1.115256
-0.671084
0.444304
-0.089816
-0.729527
0.815120
-0.585139
0.562976
0.763234
0.733055
-0.367118
0.874399
-0.782107
-0.216161
0.970661
-0.581816
0.991621
0.797891
0.101476
-0.046349
-0.573537
0.030316
0.145218
0.826267
0.030917
-0.483017
-0.719674
0.318889
0.983552
1.322445
0.795375
0.673937
-0.750236
-2.043507
-0.485295
-0.888862
-0.555640
-0.045268
1.186895
-0.129747
-0.357528
-0.337750
-0.281856
0.108416
0.486817
-0.228852
1.120407
0.173746
-1.854544
-0.157281
-0.387935
-0.078819
0.383612
1.627898
-0.868657
-0.862340
-0.348382
-0.897414
0.282345
-0.855193
-1.103966
-0.929458
-0.884485
-0.611708
-0.930886
-0.499842
0.516033
0.620185
0.214613
-0.075532
-1.445728
-0.738966
0.755951
-0.592481
0.202967
0.103407
0.067642
-0.180559
-0.431077
1.215224
0.501958
-1.009766
-1.145521
-0.231479
-0.362280
-0.621935
0.743588
0.118882
0.341597
-0.581897
0.572859
0.189847
-0.465439
0.674246
0.681307
0.298884
-0.423801
-1.137748
-0.679118
1.262638
0.499321
-0.607553
0.894437
-0.635685
0.441730
-0.041113
0.251615
-0.268413
0.464220
0.336504
1.544717
-0.094121
-1.443230
-1.004541
3.688368
-0.360762
-0.220528
0.542416
0.709210
0.514827
0.453808
0.210623
-0.634647
-0.284947
-0.034366
1.042032
-1.499065
-0.206147
0.822159
-0.415832
-0.313365
-0.572369
0.613150
-0.331176
-0.562124
-0.770066
0.469424
0.787716
-0.573108
0.195592
-0.813675
-0.015256
-0.663581
0.157356
-0.173677
-0.362502
0.735029
0.792433
0.962275
0.310915
0.276199
-0.186272
-0.371584
0.231919
1.101371
0.789047
0.249485
1.110399
-0.682367
-0.702988
-0.488067
0.060874
1.106272
-0.043215
0.874697
0.915266
0.755718
0.112558
0.677881
-0.718152
-0.634811
-0.333986
-0.238907
-0.244536
1.079175
1.075484
0.254088
0.169599
0.960979
-0.587254
-0.815964
-1.235442
-0.840009
0.737963
1.220661
1.314209
-0.120334
-0.374562
0.775014
0.883629
0.291321
-1.655772
-0.761598
-1.042433
0.944887
-3.629171
-0.638791
0.335979
-0.002525
-0.926865
0.702465
0.296538
-0.226073
-0.208923
-0.944517
-0.552919
-0.299013
0.299530
0.854462
-0.921458
-0.747294
-0.377039
-0.612173
-0.752101
-0.895597
0.921687
-0.924285
-0.071970
-0.540055
0.802155
-0.783417
0.618374
0.955229
-0.395622
-0.988194
0.505042
-0.402191
-0.635276
-0.117697
0.607142
-0.526625
-0.382997
0.001950
0.236512
0.372916
0.082837
0.721093
-0.943617
-0.575092
0.622061
-0.802840
-0.355530
-0.730413
-0.389986
-0.090736
-0.695549
-0.489734
0.030989
0.251498
-0.033676
-0.119574
0.527977
-0.399098
-0.238403
-0.808921
-0.319044
-0.624660
-0.210228
0.039453
0.250171
-0.604223
0.528278
0.816839
0.407306
-0.225879
0.266042
-0.516054
-0.446384
0.331345
-0.086248
-0.837294
0.552698
0.618300
-0.569151
-0.859739
-0.480925
-2.277025
-0.301690
0.460396
-1.295557
0.707044
-0.937713
0.624025
-1.444140
0.240785
0.776143
-0.164368
0.327722
-0.500598
-0.809944
-0.468801
-0.596641
0.800434
-0.648321
-0.514095
-0.471835
-1.224947
-0.021981
0.040398
-0.103196
0.405640
0.285943
-0.004790
0.548285
1.256039
-0.055817
-0.955692
-0.152916
0.790184
0.606894
-1.019984
0.366767
1.052498
-0.897004
0.852796
-0.299089
1.085566
0.161952
-0.474315
-0.706474
-0.348112
1.310462
0.922570
-0.224251
-0.851381
1.010489
0.580248
-0.480210
-0.181821
-1.101655
0.881989
-0.337974
0.745672
-0.165120
-0.699477
0.518270
0.881407
-1.451839
0.781895
0.443957
0.873153
-0.877330
-0.085369
1.544153
-0.614470
0.238832
0.398227
-0.939686
-0.898633
0.921348
-0.444341
0.315110
0.572271
-1.252705
1.113860
-1.364849
-1.708930
2.484205
-0.440696
-0.148388
0.555739
-0.589189
0.445183
0.221591
0.143700
0.733646
-0.451068
0.090068
0.945500
-0.652951
-0.206019
0.652825
-0.364262
-0.989084
0.428101
0.048018
0.171182
-0.649068
0.307979
0.240362
-0.770737
-0.993597
-0.625886
0.904836
-0.768022
-0.688694
0.907691
-0.796806
0.517188
-0.512220
0.055591
0.162581
-0.043730
-0.363369
-0.499093
-0.855831
-0.663312
0.048195
0.261645
-0.777415
0.382799
-0.916967
0.951175
-0.922777
-0.863226
0.409571
0.102968
0.293619
0.804239
-0.523451
-0.381167
-0.908662
-0.472750
0.008294
-1.016059
-0.279533
0.342952
1.018806
-0.003181
-0.079994
-0.491344
-0.927075
-0.888776
0.426528
-0.303512
-0.492274
0.578260
0.053522
0.530509
-0.123009
0.332932
-0.037471
-0.058919
0.323832
0.003248
0.079844
-0.273208
-0.820497
-2.825166
-0.402687
-0.153214
0.051168
-0.273700
-0.085615
-0.934925
-0.020199
0.974913
0.377127
-0.150997
0.215252
-0.576267
-0.025778
0.102561
-0.731428
-0.426960
0.815591
0.084945
-0.596285
-0.271519
-0.434848
0.274883
-0.797724
0.400645
-0.793724
0.669510
-0.418109
0.429559
-0.952152
-0.159504
0.574544
-0.100379
0.902239
-0.398137
0.518633
-0.535539
0.001258
-0.656565
-0.607872
-0.797942
0.009601
0.606015
-0.519202
-0.100983
-0.489932
0.120061
0.125791
-0.676480
1.133259
0.615831
0.292136
-0.510603
-0.399936
0.483086
-0.551515
-0.088745
0.014023
-0.133368
-0.661986
0.265710
0.384583
0.922870
-0.892482
-0.266330
-0.200717
0.861902
0.829514
0.449831
-1.080036
-0.856576
0.344650
0.280782
-0.923538
-0.910967
0.620211
-0.346479
-0.262227
-0.209913
0.287373
-0.282889
0.946152
-0.594249
0.267697
0.515236
0.864340
0.152399
0.961382
-0.315137
-0.850593
-0.828127
-0.684088
0.385504
-0.939285
-1.015560
-0.772869
0.071599
-0.837711
-0.830132
-0.648445
-0.798959
-0.347092
0.794024
0.643984
-0.596632
0.899370
0.163455
0.548943
-0.493769
0.857124
-1.092941
0.852441
-0.723042
0.018288
0.351265
0.293837
-0.217720
-0.516828
0.216232
0.724810
-0.365316
0.338535
0.587823
-0.596672
0.546283
-0.941390
0.104371
-1.204949
-0.697158
0.897183
-1.247027
-0.423224
-0.735335
0.954426
-0.840622
0.000732
0.379928
0.149033
-0.553089
-0.461994
0.016879
-0.015762
-0.810578
0.158004
1.355804
0.775171
-0.687034
-0.463373
-0.988713
0.379679
0.051401
0.602100
-0.573335
-0.493970
0.865955
0.924634
-0.413267
0.068224
0.765385
0.184666
-0.503143
-0.705373
1.407136
-0.223308
-1.184017
1.216381
0.741825
1.240990
-0.272580
-0.711813
-0.402301
0.667289
0.106188
-0.104268
-0.384739
-0.126404
-0.162572
0.807072
0.748788
0.450673
0.035402
-0.648598
-0.391419
0.142771
-0.011929
-0.577335
-0.118121
0.698498
0.754530
-0.345228
-1.069375
-1.036618
-0.040617
-0.953929
0.023436
0.113017
0.890787
0.123897
0.128456
0.033986
-0.078139
0.514756
-1.247699
-0.789706
-0.535843
0.911335
-0.142597
0.981472
-0.853602
0.163386
0.173125
0.626028
0.555637
0.933914
-0.636167
-1.049840
-0.374116
0.828887
-0.743116
-0.646879
-1.372376
0.397770
-0.386502
0.342594
0.453629
1.297406
-0.694599
0.504520
-0.803757
0.012837
0.981809
0.740367
-0.635633
-0.813613
0.501212
0.208658
0.716051
-0.237079
-0.117082
-0.508014
1.330012
-1.019331
0.986223
-1.532675
-0.908845
1.666738
-1.063177
-0.253911
0.602414
-0.209874
0.258641
0.467931
0.975177
0.823045
-0.155398
0.090096
0.812186
0.356481
-0.731235
0.981804
-1.177069
-0.319797
0.846281
-0.737031
0.079645
-0.474607
-0.807464
-0.034036
0.512240
-0.294108
0.295078
0.188133
0.724744
-0.387861
0.100213
0.524777
-0.890143
0.788754
-1.099399
0.475999
-0.902598
0.364652
-0.012144
-0.642516
-0.093229
1.140949
0.566536
-0.668647
-0.565892
-1.135338
-0.542500
-0.200021
0.492977
0.909467
0.873062
-0.802433
0.416266
-0.899114
0.205337
-0.845537
0.338723
-1.226429
0.799810
-0.316731
0.731133
-0.264538
-1.704411
0.550636
-1.072002
-0.991878
0.542456
-0.542814
1.175864
-0.689700
-0.908651
-0.184352
1.056601
-0.913705
0.521061
-0.242479
-0.459648
0.634202
0.126310
0.361506
-0.548773
0.657454
0.903097
-0.714289
0.767259
-0.087242
-0.519798
0.094690
0.141416
-0.875089
1.044935
1.101419
-0.096524
-1.047201
0.022189
0.092074
-0.372444
-0.940220
0.448903
-0.664089
-0.798660
0.988616
0.107661
-1.033968
-0.646627
-0.543511
-0.226970
-0.111521
-0.507369
-0.401552
-0.413411
1.002745
-0.705517
-0.531042
-0.830736
-1.179969
0.449002
-0.465855
0.145141
-0.222660
-0.356867
0.170272
-0.411377
0.657633
0.286313
0.668929
-0.297028
0.599085
0.663602
1.210541
0.890736
0.997951
0.897175
-0.037798
-0.973264
-0.947894
0.314422
-0.173669
-0.104500
0.533084
0.374218
0.550349
0.515300
0.783995
-0.813402
0.751974
0.675078
0.442367
-0.700346
-0.155359
-0.876194
0.094872
0.833247
-0.237231
-0.397178
-0.020521
-0.474372
0.181078
-0.365342
-0.752523
0.195324
2.523229
-0.656666
0.103785
0.316939
-0.652366
0.066895
-0.375841
0.517853
-0.905260
-0.757128
-0.421348
1.103476
0.678282
-0.829825
1.150866
0.755259
0.621275
0.525512
0.902634
-0.283697
0.363547
-0.363501
-0.695630
-1.175703
0.257520
0.132750
0.045024
-0.836579
1.532034
-0.456704
0.391895
-1.338717
0.336277
-0.751137
0.327787
1.364410
0.535879
-0.691947
-0.137151
1.219882
-0.779434
-0.146110
0.484813
-0.611884
0.607731
0.073099
0.738514
0.089653
-0.331197
1.337976
0.649808
0.430593
-0.566019
0.752343
0.570521
1.075355
-0.120321
-0.763800
-1.527724
0.053505
0.236091
0.646368
0.037175
-0.413107
-0.806242
-0.610697
-0.366506
0.452530
-0.216481
-0.005822
-0.491942
0.642084
-0.306462
-0.220736
0.801698
-0.775628
0.687307
0.560677
0.023218
1.126434
0.213616
-6.959204
0.433938
0.963670
-0.504346
0.081070
0.714835
0.529115
0.371062
0.852296
-0.633790
-0.258321
0.436861
0.418214
0.438092
0.499034
-1.000895
0.902148
0.249466
-0.210433
0.216047
-0.269627
-0.797653
0.943460
0.520655
-0.974531
-1.039365
0.291173
0.831376
0.142048
0.262630
0.329693
0.869510
-0.352123
0.363624
-0.577521
0.728124
0.096781
-0.991263
0.165072
-0.071306
-0.582309
0.931768
-0.626168
0.837654
0.408524
0.964374
0.878447
0.370561
0.239812
-0.243670
-0.391749
-1.057154
0.009753
-0.443825
0.511370
0.061119
-0.403618
-0.143837
-0.100570
0.747723
-0.840126
-0.642309
0.683779
-0.152710
0.694158
-0.926119
-0.370339
-0.227681
-0.916976
0.848577
0.756375
-0.462290
0.803188
-0.853448
-0.581594
0.214903
-0.848754
-0.679722
-0.405224
0.352802
0.154266
-4.804254
0.408537
-1.355041
0.406881
-0.023133
0.073472
-0.491519
1.006275
-0.799331
-0.734150
-0.871956
-0.194504
1.340379
0.127464
-0.041920
-1.085593
0.462304
0.161691
-1.485658
0.088523
-0.865380
-0.227077
0.546237
-0.720081
-0.051496
-0.457128
0.159553
0.519539
-0.029078
-0.168213
-0.229006
-0.230299
-0.920648
0.090463
-1.121155
0.177674
-1.025999
-0.545384
-0.123603
-0.518260
-0.311011
0.454195
-0.067206
0.038602
1.015071
0.036999
-0.281030
0.529379
-0.784933
-0.660899
-0.087766
0.087754
0.923091
-0.454374
-0.868644
-0.381012
-0.061575
0.330507
-0.477243
-0.815147
1.036177
0.496849
-0.591112
1.233443
-0.458018
-0.538729
-0.081934
-1.056725
0.448958
1.244195
0.204939
-0.728606
-0.268255
0.757989
0.260944
0.066461
-0.223446
-1.068550
-1.200701
0.154896
1.221178
3.528311
-0.928208
0.427463
0.265404
-0.832941
-0.568495
-0.674944
0.552608
0.158593
-0.719588
0.785206
-0.907606
-0.584227
0.796948
0.247852
0.342734
-0.706487
0.145761
-0.322428
1.025396
-1.951861
0.210747
-0.791076
0.751773
-0.813908
0.220439
-0.908655
-0.434180
-0.112608
0.217081
-0.675680
-0.561017
0.737639
0.992174
0.700754
0.346077
-0.967410
-0.782050
0.307722
0.319773
-1.342731
-0.295354
1.608914
0.823552
1.459999
-0.346207
0.042894
-0.899583
-2.035879
0.734893
-1.401180
-0.822505
-0.232466
-0.749152
0.972869
0.303559
0.644957
-0.406348
-0.699932
0.589825
-0.709714
-0.640536
0.655968
1.130228
-0.913470
0.844043
0.378986
-0.540304
0.927408
0.137166
1.332340
-0.936262
0.897089
0.491966
1.005971
0.897327
-0.440527
-0.254811
1.097629
-0.613024
-0.972839
-0.602483
-0.179188
0.136713
-0.387080
-0.189978
-0.461535
-0.513107
0.449776
-0.263628
0.661803
0.665929
0.284969
0.221386
0.679454
0.587674
-0.123796
0.559033
-0.847451
-0.164233
-0.324358
0.955666
0.361566
-0.488054
0.782856
0.271658
-0.586788
-0.790984
0.937630
-0.691427
-0.038156
-0.718517
-0.704238
0.699699
0.381558
-0.094012
-0.493603
0.903689
0.220169
0.867037
-0.329744
-0.133490
0.502425
0.912793
-0.885857
0.046287
0.468188
0.009065
-0.413977
0.533313
0.719593
0.286510
0.451313
0.021050
0.815595
0.095318
-0.703545
-0.890128
0.281775
-0.838364
-0.612025
-0.927645
-0.653014
-0.403915
0.701890
0.701719
0.405019
-0.891991
0.653888
-0.313644
1.042567
-0.784178
0.523524
0.458826
-0.886873
0.531691
-0.400531
0.527718
-0.522970
0.181716
0.071939
-0.784413
6.121358
-0.594889
0.250972
-0.975381
0.433097
0.210918
-0.755362
-0.415406
0.533416
-0.390239
-0.277531
1.093494
0.348695
-0.588646
0.374394
-0.350147
-0.507070
0.086217
0.389516
-0.363241
0.377177
-0.320590
0.865538
0.594361
-0.524895
-0.548694
-0.123277
-0.214413
0.335311
1.022478
-0.148816
1.396023
-0.664207
-0.932887
-0.961336
1.043070
0.409528
-0.660480
-0.589992
0.189647
-0.006087
0.077373
-0.171464
-0.817869
0.509555
-0.508927
-0.598590
0.904866
0.737534
-1.043729
-0.538652
-0.141885
-0.345809
-0.999601
-0.775027
-0.164469
-0.247279
0.119936
0.708681
-0.890561
0.006464
-0.476523
-0.749905
0.586944
-0.420450
-0.739956
0.094515
0.849152
-0.222923
0.506762
-0.122236
0.971388
-0.419148
0.724300
0.945476
-0.911500
-0.841265
0.047452
0.954029
0.768012
0.031439
0.208500
-0.504522
1.002577
-0.478230
-0.293376
-0.652203
0.174610
0.775856
0.786845
0.410036
-0.102882
-0.927767
0.804402
-0.862859
0.031181
-1.644362
0.279817
-1.141667
-0.327888
-0.389035
0.861384
-0.433478
0.371471
-0.018636
-0.203132
0.517486
0.388306
-0.332493
0.778861
-0.278984
0.896687
0.866198
0.361867
-0.177737
-0.969621
1.258026
0.210196
0.715315
0.668601
0.596599
-0.573058
-0.834146
0.608742
-1.020002
-0.872653
0.863123
-0.875846
0.949715
-0.439007
0.187409
-0.072017
0.668800
0.864813
-1.605779
-0.393465
-1.131674
0.726309
0.630292
0.286898
-0.809339
-1.024875
0.219304
-0.065052
1.251952
-0.386055
-0.009409
0.909762
-1.259963
-0.134303
0.135209
0.402105
0.968794
0.548536
-0.069771
-0.861522
-1.213255
-0.202870
-0.429582
-0.898950
0.510223
1.264431
1.632121
-0.096121
0.387011
0.593253
0.474115
-1.518102
-0.245201
-0.673448
0.664989
0.855837
0.421665
0.002560
-0.249308
-0.446369
0.762088
-1.440768
-1.069366
1.087978
-0.319308
0.417195
0.246922
-0.686269
-0.535842
-1.252283
-1.126476
-0.081149
0.362381
0.409980
0.344032
-1.447819
-0.078033
-1.135695
-0.135983
-0.044942
0.241398
-0.183571
0.295958
1.258769
0.590329
-0.320421
1.203566
-0.180087
0.561458
-0.827262
1.281914
0.369513
-0.008416
0.870601
0.644013
-0.233358
0.056479
-0.749501
0.584852
0.746877
-0.698585
0.815557
-0.362904
0.222979
-0.341687
1.095041
0.789729
0.787095
0.638189
-0.376988
-0.807652
-0.849119
-0.588627
0.356648
-0.690239
0.527478
-0.671746
-0.662240
0.629575
0.496886
-0.073603
-0.072928
-0.065367
0.663833
0.284526
1.173159
-0.643301
1.520874
-0.855468
-0.812069
0.896182
-0.563367
-0.826306
-0.544719
0.643640
0.049366
-0.917697
0.021644
-0.150256
0.747717
0.471318
0.393081
-0.569810
-0.516516
-0.188584
0.000449
0.110387
-0.166384
0.265848
-0.294840
-0.520169
1.013332
-0.937014
0.345536
0.319658
0.241119
0.233812
0.963411
0.488359
0.376904
-0.827312
0.360817
0.794700
-0.660983
0.757101
0.427488
0.369744
0.817521
-0.551172
-0.783855
0.530169
0.911121
0.570404
0.968483
-0.639495
-0.605424
-0.101468
0.459898
0.228997
-0.839950
-0.855714
0.666204
-0.855199
-0.824377
-0.030229
0.503255
0.425956
-0.793143
0.394023
-0.125510
0.542096
0.551973
-0.772504
0.327984
0.847957
0.988435
-0.252149
0.240774
0.786964
0.141898
0.408396
0.298145
0.017247
-0.037225
0.267403
0.379164
0.377067
-0.828981
1.635468
-0.476772
-0.731599
-0.071865
-0.841397
-0.562767
0.047761
0.037301
0.891495
-0.535444
0.250635
0.290667
0.306365
-0.250406
-0.199206
0.528374
-0.949712
-0.386018
0.496681
-0.254191
0.850229
0.294689
0.917255
0.207231
-0.446172
-0.089395
-0.834808
0.830596
-0.655486
0.516072
0.908667
0.124486
-1.029003
-0.784919
-0.907297
-0.803249
-0.301506
0.222981
0.291718
-0.480745
0.748226
-0.412254
0.817393
0.118548
0.387770
-0.281625
-0.329389
0.479117
0.375698
-0.724038
-0.787106
0.217914
0.619663
-0.793397
-0.535959
-0.767802
0.208745
-0.328654
-0.934339
0.548040
-0.754531
-0.964352
-0.271353
-0.684000
-0.692056
-0.166862
-0.499439
-0.077298
-1.011014
0.812621
0.603638
0.791082
-0.547008
0.381127
-0.065277
0.762967
-0.821749
0.615618
0.318221
0.540169
0.916588
-5.059675
-0.150519
0.553149
0.808117
0.368995
0.808045
0.002298
-0.905248
0.942349
-0.418145
-0.646773
0.982814
0.296108
-0.328616
-0.735371
-0.816786
0.181759
0.254479
-0.780406
-0.008836
-0.171899
-0.970643
0.484277
-0.693527
0.035942
0.287735
-0.553852
-0.243089
-0.342493
-0.893812
-0.349918
-0.672021
-0.106739
-0.692129
-0.869923
-0.702792
-0.806451
0.247017
-0.576857
-0.924919
0.900024
-0.214540
-0.938233
0.231505
0.498590
-0.561222
0.414984
-0.295251
0.693389
0.771828
0.734428
-0.444962
0.868482
0.253015
-0.110672
-0.058013
-0.332591
0.422953
0.650533
0.326344
0.531403
-0.593114
0.690033
-0.504179
-0.269564
0.818328
-0.172922
-0.121096
0.065242
0.306944
0.020600
0.032436
-0.781503
0.123692
-0.722756
0.742671
0.630376
0.757350
-0.518228
0.315938
0.541433
-5.472566
-0.982751
0.326877
0.385465
-0.014600
-0.438452
-0.697134
-0.528920
-0.889882
0.670137
-0.872610
-0.711671
0.298914
-0.357742
0.342051
-0.005629
0.542662
-0.651464
-0.610305
-0.095510
-0.038514
0.441069
0.154493
-0.544361
0.571206
-0.085891
-0.836809
0.434021
0.384359
0.064814
0.178057
0.854237
0.586915
-0.123337
0.123181
-0.592550
0.057602
0.499655
-0.002009
0.034267
-0.107743
-0.235369
0.924010
-0.515361
0.616018
-0.114175
0.959172
0.182420
0.129032
-0.757686
-0.888913
-0.517258
0.513615
0.043647
-0.022773
0.299117
-0.898620
0.104296
-0.307082
0.763563
-0.358632
-1.110725
0.122828
-0.738479
-0.611972
-0.779623
-0.667255
0.485488
0.941126
0.643873
-0.394495
0.034729
-0.343667
-0.358619
0.640036
-0.628397
0.547219
0.430858
0.448008
-0.401926
0.389372
1.358088
0.129924
0.223502
-0.690810
-0.921385
-1.119071
-0.100689
0.263048
0.133382
-0.639892
0.645199
0.654314
0.921118
1.062723
1.546390
1.344936
-0.360223
1.096678
0.849024
-0.727211
-1.512408
-0.173212
-0.377575
-0.040743
-0.828383
0.145731
-1.042962
1.234776
0.020555
0.397391
0.220414
-1.296000
-0.777093
-0.920851
-0.333474
-0.448880
-0.508522
1.085390
0.378806
0.829862
-1.155398
0.511900
0.086841
1.125141
0.136272
-0.285407
0.356152
0.594291
-1.363728
0.788679
0.896667
-0.689363
-0.779948
-0.822564
0.147188
-0.282824
0.691223
0.464411
-0.454921
-0.809086
-0.679869
0.976901
-0.490421
-0.243797
1.091036
0.251585
-0.892463
-0.263356
0.565085
-1.285187
-1.196000
0.808787
0.318729
-0.080877
0.438088
-0.276380
0.319755
0.194902
0.900762
0.291541
-0.946112
0.202636
0.698033
-0.472250
-0.360463
-0.143223
0.343135
0.945464
-1.133587
0.622866
-0.687053
-0.027302
0.108130
-1.173725
0.239703
-0.053744
-1.442347
-0.918085
1.041631
0.525876
-0.816113
1.173350
0.302351
0.367124
-1.214753
-0.568065
0.961868
0.612614
0.995100
1.466585
0.145036
-0.930127
0.775134
-0.376200
-0.832026
1.246387
0.525304
1.066728
0.868540
0.913172
0.707218
-0.697358
-0.106822
-0.151352
-0.214147
-1.474266
1.179092
0.287253
-0.759090
0.462643
0.101902
-0.660160
-0.251813
-0.610909
-0.632724
0.024191
0.045556
-0.761141
-0.334199
0.152502
-1.126963
0.916106
0.368887
0.790366
-0.244281
1.288015
0.888087
-1.245089
0.822552
0.509860
1.533315
0.838172
1.267353
-0.307502
0.705735
0.038071
-0.721787
0.747724
-0.731726
0.082903
-0.446291
0.065866
-2.927270
0.932272
0.252201
0.849955
-0.003616
0.422958
0.945578
0.496242
0.753191
-0.883497
0.280718
-0.436071
0.467994
0.966438
-1.375737
1.522453
1.124754
-2.175980
0.584460
0.885942
0.102255
0.139392
0.176100
-0.172359
-0.591879
0.366413
-0.041578
-0.641202
-1.462336
-0.814510
0.743952
-1.222854
0.725759
0.793350
0.850466
0.434986
-0.436792
0.560563
-0.334807
-0.521715
1.054159
-1.239051
-0.062039
0.700810
-1.286465
0.857781
0.430101
-0.957980
0.954608
-0.194174
-1.014939
-0.495045
0.857086
0.324766
0.594855
1.031926
-1.018621
-0.512861
-0.741222
0.396337
-0.682309
-1.158978
-0.458100
-1.119148
1.132156
-0.750875
1.673952
-1.060939
-1.130010
-0.773943
-1.685297
1.178104
-0.752297
0.050232
0.741766
-0.657813
-0.321094
0.572285
-0.451688
-0.888729
1.035814
-2.165254
-0.421585
0.748076
0.081273
-0.792057
0.713841
0.185717
-0.251692
-0.922198
0.717073
0.288832
-0.757913
-0.739125
0.781037
0.936465
-0.434609
0.249880
-0.931433
-0.343979
0.397372
-0.523846
-0.385453
0.659912
0.720855
-0.646301
0.956105
-0.566728
0.449692
-0.706457
-0.582125
0.394925
-0.355369
0.039754
0.138646
0.690154
0.233216
-0.174255
-0.161577
0.941258
-0.100921
-0.429694
0.185842
0.125285
-0.230006
0.004049
0.026317
0.373532
-0.772371
0.166449
0.951888
0.636987
0.585666
-0.442091
0.232309
0.326992
-0.118761
0.150090
0.722512
-0.640979
0.393296
-0.831427
0.751687
-0.943906
0.149520
-0.149642
0.710156
-0.626509
0.686088
-0.395400
-0.664661
-0.465741
0.119585
0.501457
0.711741
0.920055
-0.480305
-0.299457
0.226978
-0.313457
0.827138
0.200341
1.667320
0.385392
1.052599
0.191639
-0.318469
-0.577559
-0.369609
-0.456177
-0.013396
-0.906473
-0.781656
-0.138995
-0.852070
0.599170
1.120501
1.341592
-1.025066
0.152730
-0.509899
-0.871780
1.940336
0.518702
0.669422
0.796648
0.511122
-0.746243
-1.119333
-0.572258
0.584526
1.461938
0.816229
0.188641
0.429580
-0.094959
0.055553
-1.638194
-1.107700
0.250741
-0.691324
0.287682
0.560398
0.139726
1.330860
0.584840
-0.856792
0.680505
0.767678
-0.421979
-0.805690
1.195018
-0.143927
-0.549491
0.512410
0.246580
0.868964
-0.005012
-0.211668
-1.010514
0.052758
-0.860399
1.166674
0.936935
0.305943
-0.336081
0.321227
-0.667574
1.026332
-0.095200
0.710555
0.644912
-1.194513
0.117697
-0.452348
-0.697057
-0.010406
-0.275257
0.750868
-1.417782
0.738395
-0.825735
-0.803427
-2.801876
-0.020365
1.314663
0.190495
-0.128655
-0.107213
-0.627349
-0.124450
-0.591883
-0.640312
-0.652489
1.151635
0.370560
-1.180707
0.623832
1.604381
0.582388
-0.629409
0.502857
0.127420
-0.547204
-0.531460
0.317803
0.110626
0.478223
-0.123790
-0.245302
0.735630
-0.610307
0.817083
0.849013
-0.331537
-0.906291
0.724947
-0.945126
-0.242795
-0.291376
-0.066516
0.983721
-0.676567
0.452213
-0.649316
-0.504036
0.045779
-0.306628
0.775600
-0.589288
-0.549452
0.698271
1.102015
0.733729
-0.584458
-0.695001
-0.452317
0.341961
0.943397
-1.014098
-0.910681
0.120238
-0.058501
0.299051
0.151221
0.674729
0.305554
-0.083387
-0.852105
-1.714663
0.120435
-0.263918
-0.957299
0.903967
-1.445218
0.487336
-0.536646
-0.372172
-0.795201
0.942086
0.024904
0.201158
0.618231
-0.444938
2.466661
-0.839274
0.089682
0.591028
0.477058
-0.047734
0.823949
0.136591
-0.898595
-0.606207
-0.050045
-0.035864
-0.999267
-0.682451
1.213646
-1.533424
-0.024264
-1.076220
-0.215016
1.142441
-1.860432
0.047474
0.425399
-0.584180
0.931523
0.582763
-0.383485
-0.203922
-0.235732
-0.521013
-0.665635
0.066635
-0.504075
0.618337
-0.598916
0.851602
-0.081054
-1.147938
0.346282
0.137963
-0.104009
-0.997661
1.088688
-0.258876
-0.105431
0.190751
-0.018336
0.571186
0.982218
-0.707416
0.273226
0.848761
0.086617
-0.511068
-0.683131
-0.224223
0.918628
-0.230750
-1.349447
-1.386889
-0.169715
-1.104733
0.259414
0.200208
-0.974895
0.244955
0.061975
-0.345935
-0.364308
-0.636658
1.174626
0.053500
-0.097487
1.120026
-0.886492
0.431736
0.308059
0.215684
-0.198490
-0.009054
1.003335
1.658169
-0.186133
-0.192016
-1.303629
0.098225
0.253739
-0.782340
0.616089
0.467167
-0.508713
-0.142709
0.844345
0.707226
-0.884901
1.097466
0.945057
0.340954
-0.187443
-0.581936
-0.850817
-0.669596
0.602927
-0.147029
-0.001615
0.913500
-0.700334
0.880880
0.417424
0.499958
-0.100819
-0.384255
0.580661
0.782417
0.352035
0.523486
-0.083250
-0.496449
-0.811550
-0.289138
-1.320426
-0.215515
0.421079
0.832223
-0.015823
0.797155
1.136117
-0.958230
0.165048
-0.709004
-0.241852
0.246273
0.693522
-0.944256
-1.357013
-0.554153
0.968971
-0.691908
-0.557529
0.117558
1.409186
0.396032
0.686734
0.204262
0.267041
0.323076
0.005055
-1.042649
0.543174
0.236293
-0.142254
0.666222
0.770752
-0.538859
0.518697
-0.667735
-0.758410
0.343896
-0.626136
0.567787
-0.807061
-0.333519
-2.316813
0.885384
0.379219
0.005791
-0.649354
-0.263312
0.167884
-0.801864
-0.795313
-0.152104
-0.730407
-1.182986
-1.149740
0.766718
0.562499
0.172854
0.598426
-0.364457
-0.803919
-0.523956
-0.956545
-0.617574
-0.020202
0.103088
0.035326
0.212223
0.264273
0.245946
-0.789059
0.464361
-0.688439
0.124200
0.047492
-0.455361
1.137918
0.632778
-0.591606
0.098651
-0.750611
-0.672090
1.182739
-0.692334
-0.550358
1.154892
1.308795
0.432676
0.060008
0.607147
-1.312751
0.345536
-1.096544
-0.718756
0.698504
0.274817
0.941938
-0.604236
-0.751466
-0.022840
0.816272
-0.805438
-0.818704
1.014187
0.889393
0.150295
0.411112
1.277726
-0.058789
0.797257
-0.440624
0.055074
-0.505228
-1.401717
0.465119
-0.008916
-0.870911
0.350393
-0.626632
0.053944
-0.023401
-0.601145
-0.131698
3.509739
-0.316688
-0.591103
-0.845033
-0.418547
-0.191412
-0.610783
0.521593
-0.528916
0.158814
0.594937
-0.618170
0.085945
-0.173431
0.591701
-0.207363
0.499018
0.271972
0.409470
-0.586448
0.467367
0.828863
0.858736
-0.706748
-0.877064
0.213064
-0.366747
0.397983
-0.735157
0.113466
-0.957912
0.397659
0.787619
-0.494635
0.565236
-0.639364
0.293565
-0.946739
0.875948
0.782507
0.216307
0.525842
-0.847666
-0.685765
-0.605513
0.787562
0.108553
0.921065
0.100079
-0.397143
-0.635035
-0.428389
-0.490845
-0.791906
-0.098946
-0.354577
0.504016
0.586018
-0.984648
0.749594
-0.279279
-0.814096
0.193281
-0.427406
-0.335764
-0.250067
-0.050094
-1.052068
-0.161550
-0.117203
0.731191
-0.883202
-0.558582
0.941805
-0.537601
-0.173700
0.774544
0.625969
-0.262550
-0.116718
-0.708200
-4.135248
0.541765
-0.832262
0.136733
-0.509684
0.643141
-0.130934
-0.971047
0.519448
-0.402912
0.132366
0.652010
1.570741
0.956087
-0.799082
-1.077396
-0.349709
-1.197399
0.435497
0.493811
-1.408144
0.623173
0.882047
-1.058721
-1.353505
-0.309757
1.178930
1.151659
0.599811
-0.356527
-0.942871
-0.742988
-0.616992
-0.234882
1.251482
0.796184
-0.499055
-0.357075
0.024886
1.190196
0.598921
0.845837
0.393135
0.568597
0.561506
1.118206
-0.830428
-1.004804
-0.948129
0.396593
0.424795
-0.517466
0.272471
0.016465
-0.367457
0.380498
-0.833794
-0.410037
0.924397
0.012415
0.507942
0.059483
-0.905849
2.049012
-0.818122
-0.583091
-0.613390
-0.697958
-0.046868
0.457893
-0.914203
-0.203550
0.749457
1.078471
0.893149
0.010927
0.943147
-0.771065
0.373839
-0.380569
0.931356
-1.787906
-0.295772
-0.007383
-1.167373
0.361552
-0.446202
-0.971517
0.769428
0.677575
0.509656
0.511165
-0.185003
0.673479
0.534952
0.212216
0.657392
-0.836231
0.540861
-0.318179
0.929298
-1.053147
0.241476
0.748563
1.017010
0.381045
0.009772
0.886507
0.270368
-1.024604
-1.174382
0.064561
-0.209460
-0.292951
-1.119799
0.029282
-0.776961
-0.366106
0.033590
-0.961820
-0.762833
-0.432380
0.617802
0.219165
-0.715444
-0.040748
-0.547903
1.086715
-0.053496
-0.975137
-0.355438
-0.268796
-0.935671
0.933322
-0.216780
-0.989222
0.025688
0.628092
0.830046
-0.528549
0.903638
0.868564
0.511572
-0.010844
-0.532582
0.523486
-1.041867
-0.052152
-0.635006
0.151666
-0.465800
-0.550328
0.708400
-0.785862
0.791952
-0.934329
0.211882
-0.841846
-0.728897
0.986938
-0.683153
-0.164899
-1.756408
-0.678397
0.261444
1.160984
-0.650036
1.263335
0.193140
-1.081227
-0.592055
0.093636
-0.749411
-0.986610
-1.380725
-0.525516
0.748793
-0.958297
0.313022
-2.331399
0.192128
-0.869497
-0.087591
0.151381
-0.806157
-0.563701
0.559765
0.324213
-0.399760
0.430889
0.049727
-0.073001
-0.884918
-1.241339
0.024115
-1.417332
0.332780
0.627424
-0.282922
0.064586
0.726705
0.286853
-1.240016
0.416750
0.103255
-1.044360
-0.933151
0.119635
-0.839737
0.801698
-0.196156
1.211164
0.917886
0.486420
-0.098845
-1.183172
0.862411
-1.045168
0.319046
-0.547596
0.463249
-0.078505
0.373206
-0.058168
0.034026
-0.760738
-1.179759
-0.435822
1.474750
0.572326
0.582963
0.773255
-0.947009
0.390042
0.464989
0.395860
0.876058
1.465881
-0.947839
-0.351020
1.011058
-0.612101
-1.191837
0.837481
-0.398794
0.037315
0.819675
-0.539701
0.186321
0.326357
-0.094356
-0.331415
-0.857127
-0.826735
-0.723252
0.152687
-0.388424
-0.268511
0.913237
-0.459055
0.830231
0.658839
-0.781220
-0.890515
0.471168
0.630415
0.439813
0.459331
0.621963
0.667571
0.778164
0.355038
-0.191694
0.939283
-0.044681
0.428493
-0.110088
-0.242642
0.865005
-0.940134
0.973449
-0.269396
-0.219702
-0.934282
-0.115109
0.054212
0.185591
0.424120
0.679973
0.121432
0.918362
0.513731
-0.279597
-0.868856
0.587111
-0.873792
0.725817
0.000757
0.518564
0.267897
-0.357093
0.353891
-0.414307
0.361006
0.198326
0.496820
-0.252892
-0.927762
-0.776000
-0.388666
-0.806638
-0.759660
0.303039
-0.128329
-0.719943
-0.879427
0.920542
0.429885
0.575044
0.558928
-0.473866
0.476660
0.079920
0.200498
5.511758
-0.434927
0.340980
0.288002
0.509207
-0.129913
-0.435166
-0.875082
-0.862822
0.124106
0.431558
0.315057
-0.383186
-0.816381
0.430579
-0.193451
-0.256703
0.551579
0.011405
1.012143
-0.577258
0.233477
-0.923204
-0.695461
-0.370781
0.684986
0.820761
0.064788
0.093603
-0.173577
-0.669965
-0.392708
0.399160
0.592938
0.853732
-0.097085
-0.596749
-0.665897
-0.041452
-0.388476
0.359422
-0.625526
0.917730
0.954036
-0.529636
0.236848
-0.291749
0.171981
-0.233810
0.585881
0.169450
0.184671
-0.234700
0.198179
0.408282
0.322176
-0.210626
0.153519
-0.562932
0.862733
0.925529
-0.374353
-0.566777
0.276221
-0.802325
-0.683406
-0.901568
-0.346830
-0.358784
0.018871
0.175575
0.930973
0.270289
0.053525
0.862659
0.763820
-0.772919
-0.445883
-0.088497
0.017515
-0.869374
7.015476
-0.947037
0.140277
-0.190125
0.377074
-0.697626
0.903577
-0.861089
-0.494457
0.715519
-0.583180
-0.168116
-0.951598
0.879729
1.149823
-1.600523
0.781359
1.171946
0.222038
0.041592
-0.249778
-0.088311
0.494793
1.043909
-0.748544
0.514349
-0.847833
0.262634
-0.618281
0.030900
0.268927
-0.730636
0.188358
-1.820342
0.154362
0.327705
-0.759705
0.383881
-0.006627
-0.473085
0.601095
0.011470
1.253425
0.455799
-0.384931
0.249193
0.846931
-0.508528
0.118741
-0.305238
-0.175397
-0.967847
0.506300
-0.704992
-0.983864
-1.641094
-0.826995
-0.795157
0.579964
-0.904913
0.322855
0.021985
0.079366
-0.542046
-0.553284
-0.517463
-0.171370
-0.423297
1.056719
-0.891996
0.797484
-0.313501
0.454817
0.603619
-0.455117
-0.024040
-0.375001
-1.018656
-0.174779
0.433489
0.005549
1.190912
0.736043
-0.372024
0.030772
0.744877
-0.531990
-0.084180
1.350214
-0.799960
0.614707
0.831337
-0.049197
-0.201437
1.355752
1.320756
0.227501
-0.021795
-0.025992
0.250669
0.186432
0.137376
-0.580899
-0.585092
-0.748822
-0.647955
-0.220897
-0.654642
0.038648
1.159690
-0.612499
0.831441
0.742760
-0.797953
-0.728364
-0.948966
-1.275463
-0.253250
0.535571
-0.976171
-0.146045
0.086132
0.258734
-0.810150
0.736776
-0.429067
1.177865
0.143963
-0.991719
-0.757815
-0.521879
-0.282279
0.345127
-0.381346
0.028443
0.509753
0.436528
-0.755252
-0.626489
-0.655219
0.823943
0.088011
-0.556343
0.483982
0.415148
0.177898
1.120910
0.319694
0.317965
-0.323450
0.467379
-0.479966
0.833221
-0.306085
-0.043620
0.046311
1.790154
-0.118703
0.845551
1.066034
0.790611
-1.429450
-2.112029
0.096146
0.519225
-1.324438
-0.356503
-0.894176
-0.398663
0.081885
-0.155050
-0.363528
-0.849735
0.388536
0.890655
0.719077
-1.299132
0.334475
-0.314817
0.846761
-0.546495
1.155256
-0.311694
1.063595
-0.415974
0.551715
0.184030
-0.550002
-0.650379
0.176189
-0.772862
-0.719217
0.190703
-0.263038
0.340927
1.159276
0.665718
0.628053
-1.076933
0.834509
-0.005853
-0.234044
-0.800152
-0.363961
-0.403263
-1.065600
-0.727097
-0.619521
0.806799
-0.031425
0.994607
-0.712974
0.096947
-0.409695
-0.702279
1.226359
-0.864606
0.985682
-1.024042
-0.390045
-1.279900
-0.981306
-0.120274
1.255387
0.188732
-1.743224
0.837144
-0.786053
1.079219
0.970059
-0.756896
0.307327
-0.740450
-0.617394
0.921125
-0.084685
-0.230555
-0.343434
0.119386
-0.293041
0.262091
-0.305868
-0.171778
4.809547
0.591381
0.104970
0.928731
0.661641
-0.102269
0.841803
-1.104067
-0.028255
-0.948386
-0.364600
-0.955642
-0.297885
0.447241
1.168442
0.139675
-0.055904
0.593122
0.316568
0.369561
-1.687750
-0.749647
0.962350
0.017185
-0.000690
-0.949386
1.295429
0.616877
0.369537
0.140857
-0.663112
0.228548
-0.531102
0.814981
0.564491
-1.375129
-0.685425
-0.166906
-0.552542
-0.024298
0.209271
-0.454188
0.914184
-0.585711
-0.580327
0.735944
-1.431304
0.266304
-0.381704
-0.840630
0.222033
-0.044257
-0.715798
-0.467487
0.776729
0.778271
0.115127
0.684312
-0.083489
-0.356746
-0.390818
-0.043514
0.742930
0.039468
-0.351538
0.358449
0.332078
-0.291788
-0.914298
0.579451
0.534779
1.101330
0.279837
0.144817
1.083790
0.125336
-0.194803
-1.392950
-0.289386
0.906215
-0.976927
-1.697748
-0.311703
-0.567483
-0.088235
-0.520174
0.648897
0.858831
-0.825051
-0.609139
-0.882691
-0.178721
0.459632
0.857827
-0.948756
-0.953886
-0.067649
0.484927
-0.293043
0.142232
0.361349
-0.616227
-0.387098
-0.350880
0.632578
-0.393105
-0.747667
-0.618846
-0.248057
0.158076
-0.898292
-0.113066
0.186626
-0.228580
0.352603
-0.913754
0.258157
0.028893
0.963470
0.451985
0.418938
-0.878001
-0.732496
-0.141325
-1.012334
-0.653639
-0.079367
-0.086770
0.852328
0.605563
-0.895449
0.216259
-1.016673
-0.253899
0.876013
0.632442
0.366419
-0.823704
-0.971213
-0.905622
0.330706
-0.852210
0.024667
-0.474388
-0.052252
-0.622783
-0.386568
-0.790811
0.384789
-0.413929
0.662716
-0.180888
-0.259411
0.981699
0.687941
-0.285007
-0.668058
-0.363195
0.656821
-0.820706
-0.766580
0.794681
-3.046328
-0.740331
-0.850454
0.976577
0.922579
1.949052
0.426784
1.198962
1.000311
-0.236181
-0.685722
0.200732
0.477998
0.320021
-0.106876
0.875541
0.319075
-0.965733
-0.605059
0.084330
0.407396
0.285777
-0.064677
-0.006703
-0.932747
0.280072
1.466350
1.320108
0.467159
-0.593316
0.467488
-0.266673
-0.609362
-0.699603
-0.573330
-0.133902
1.202727
0.909236
-0.587543
1.087960
-0.750799
0.446835
0.043822
0.777125
1.032175
-0.172444
1.102349
-0.014959
0.094045
-0.497253
-1.305230
-0.233634
0.927945
-0.218699
-0.871239
-0.846623
-0.555765
-0.871618
1.285730
1.637608
-0.288394
0.048234
-0.166843
0.190416
1.020929
0.650221
0.850529
0.477061
-0.235854
1.195023
0.621975
1.086985
-0.673977
-1.099921
0.213978
-1.345877
-0.310463
1.200571
0.165573
1.013358
-0.862535
-5.397921
-0.339023
1.109423
-1.552775
-0.138889
-1.182391
-0.595799
0.549987
0.789948
-0.666527
0.435491
-0.041780
-0.109674
-0.196501
-1.159102
-1.131781
0.968036
0.699624
0.121827
0.845040
-0.114416
-0.416371
-0.955590
0.999721
-1.294998
-0.892632
-1.500055
0.721942
0.186269
1.109818
0.565614
-0.502603
-0.598076
1.337497
-1.101316
-0.374491
0.776039
-0.757303
-0.550801
0.007609
-0.845456
1.110041
-0.348139
1.077468
-0.545288
0.234508
-0.909414
-0.614194
-1.034820
0.423903
-0.886169
0.817137
0.869460
-1.127704
0.196914
0.997212
-0.626773
0.222190
0.474738
1.461213
-0.038965
0.087908
0.544506
0.364911
-0.194843
0.957620
-0.060221
-0.725048
-0.909639
0.135387
1.224870
0.544122
0.372351
0.613205
0.416356
0.297034
-0.205112
0.303773
-0.639637
0.072445
-0.714367
0.564748
0.249760
-0.818630
-0.023079
-0.558454
-0.919188
0.034799
0.971183
0.598622
-0.573573
-0.413523
-0.658946
1.164433
-0.206426
0.026551
0.670988
0.283578
0.111480
0.968072
-0.370432
-0.870211
0.044294
-0.702547
-0.508727
-1.131494
-0.844033
0.065753
-0.261960
-0.637923
-0.947895
0.757000
-0.541517
0.798563
0.831967
0.472599
-0.657574
-0.925927
-0.564974
0.828549
1.253730
-0.769690
-0.566084
-0.650126
-0.155194
-0.634657
0.298810
-0.597963
-0.935365
-0.372669
-0.510518
-0.245605
0.139119
0.357655
-0.280777
0.478779
0.284710
-0.025567
-0.463942
-0.436755
0.775646
-0.060979
-0.990585
-0.836747
-0.315093
-1.095464
1.440581
0.013553
-0.459425
-0.822562
-0.758938
-0.384582
-0.407739
0.225641
-0.399160
0.756499
-1.220250
-0.954780
-1.353325
-0.817584
-0.042951
0.035925
4.418255
0.673472
0.832301
0.717629
0.087459
0.742464
-0.330864
0.235118
0.949329
-0.996661
-0.585487
-0.909261
-0.917426
0.453918
-0.887425
1.118772
-0.867537
0.058775
1.127339
-0.189938
-0.023731
-0.089212
-0.875216
1.067236
-0.038054
-0.960449
-0.865562
0.140034
-1.464900
0.238930
0.470883
0.573639
-0.834152
0.597483
0.147907
0.211397
0.182434
0.688189
-0.058489
-0.368395
0.718681
0.726829
-0.216011
0.580647
-0.483213
0.573122
0.599096
-0.206840
-0.128263
0.613891
0.453535
0.947238
-0.518540
0.764121
0.928378
0.317561
0.836926
0.957025
-1.169664
1.391790
-0.244092
0.796290
-0.014027
-0.108212
0.077353
1.339026
-0.738976
0.610931
0.170002
0.672503
-0.435879
-0.057117
-0.321508
0.194521
-0.531747
0.318906
0.155031
-1.001434
-0.770204
0.719513
1.107324
-2.725839
