0.641104
-1.054416
0.074746
0.826023
0.526685
-0.395433
0.756106
0.494359
0.388187
-0.753679
0.346591
-1.610799
0.414698
-0.923117
0.621443
0.496415
0.442120
-0.170892
-0.452642
-0.707221
-1.552972
0.365007
0.814765
0.231627
-0.644679
0.600724
-0.097070
-0.391236
-0.386580
-0.284917
-0.242556
-1.064697
-0.589917
-1.438990
-1.684448
-1.391076
0.417310
1.159212
0.874892
-0.567095
1.379028
0.577162
-1.225955
-0.014341
-0.076450
-0.557396
-0.547297
-0.617139
0.607360
0.511519
0.660301
0.327726
-0.462679
0.384917
-0.549298
0.412989
-1.353775
0.430875
-0.985831
0.018066
-0.918859
1.095506
-0.379366
0.330220
0.750264
0.517870
0.136119
-0.101486
-0.670243
0.348167
0.390266
-1.117404
-1.120243
-1.128655
-1.560334
0.444497
-0.858543
-0.580062
-0.777484
-1.223747
-3.176110
0.879018
1.806732
-0.814427
0.027213
-0.900523
-0.299816
1.638071
0.728197
-1.511338
-0.223079
1.321106
0.060237
-0.416334
-0.132129
-0.469210
0.826448
-0.899489
0.714856
-0.067758
1.804337
0.191080
-1.016431
-0.894919
1.045301
-1.193034
0.393593
0.735649
0.230890
-0.948105
1.431531
-0.804912
0.689820
1.788551
0.045567
0.872569
-1.419585
-0.417766
-1.390733
0.852945
0.003568
0.298885
-0.175872
-1.326499
-1.162272
-0.336540
0.091334
0.762798
-0.069485
-0.110989
-0.136579
-0.722865
-0.692385
-0.176540
0.167424
0.655591
-0.024982
0.368179
-0.477354
0.764059
-0.211611
-0.337605
-1.183704
-0.071626
-0.069566
0.983081
-0.955564
0.227531
0.937106
-0.893927
0.176373
-0.571335
0.665978
-0.409063
0.387293
-0.859009
0.651886
0.201646
-1.001010
-0.576952
-0.691319
-6.684352
0.733998
-0.642629
-0.948062
0.052623
-0.441416
0.261098
1.235005
-0.631618
0.298969
-0.427813
1.074588
0.695712
0.981491
-0.059016
-0.168636
0.481863
-0.623975
-0.587847
-0.560923
1.185124
0.117099
0.019714
-0.390610
1.156378
1.668115
0.521934
0.367693
-1.145833
0.465069
-0.290071
1.300934
-0.274173
0.456177
-0.987421
0.097069
-1.203039
0.365958
0.895054
-0.259235
-0.208364
-0.947888
-1.016429
-1.343283
0.497036
1.019162
-0.301359
-0.183281
-1.310614
0.052664
0.796344
1.935345
-1.281576
-0.345255
-0.335399
0.764868
-0.796854
1.215322
1.240151
-0.185536
-0.838541
1.439645
-0.711004
-0.664637
0.487877
-0.492993
0.098533
0.903185
-0.880130
-0.692924
-0.821223
-0.446943
0.220668
0.586209
-0.456166
-0.205125
-0.392577
0.602572
0.335985
-0.529806
-0.681386
-11.725330
-0.245135
-0.594714
-1.469387
0.349253
-0.519636
-0.742191
0.638943
0.786589
1.552313
-0.060529
0.850056
-0.999852
0.373421
-0.446249
0.019364
0.196453
-0.867044
-0.160064
0.731306
0.043689
-1.383209
-0.158364
0.356336
0.598455
0.523268
-1.389778
-0.696560
0.281628
-0.134974
-0.620939
-0.651556
0.042650
-0.058093
-1.033790
0.774705
-0.674439
0.491047
1.063767
0.916282
0.144420
-0.870063
-0.450679
1.478500
-0.259513
0.117151
0.228237
1.100786
-0.939297
-0.321498
0.920321
0.300162
-0.807514
-0.238707
-0.904980
0.816465
-0.701945
-1.953055
-1.591533
1.246233
-0.099848
-0.321494
-1.375772
0.207504
-0.668646
0.848425
0.659321
0.299609
-0.917854
0.770828
-0.207854
0.507164
0.918364
-1.318956
1.140697
-1.016320
-0.776974
-1.171969
-0.295973
-0.872612
0.144222
-5.278815
0.047677
-0.702383
0.143362
-0.088985
-1.090518
-0.098631
0.659047
-0.689528
0.030219
-0.741036
-0.450062
0.832445
0.296354
-0.863560
0.586034
-0.411304
-0.127463
-1.096547
0.811085
-1.035657
1.167961
0.717577
-0.835593
1.131620
-1.026996
-1.124148
0.886643
-0.874065
-0.040786
0.470129
0.618753
0.204386
-0.192704
0.126004
0.396647
0.743104
-0.526462
-1.389382
-0.880774
0.361864
-0.441888
0.460141
-0.891385
0.610251
1.699002
-0.226001
-0.924196
-0.257964
0.041984
1.070425
0.992535
-0.537165
0.595760
0.246780
-0.854812
-0.894579
1.202731
-2.039590
1.016033
-0.498529
0.529528
0.311097
0.013996
-0.260882
-0.062814
0.564516
0.419916
0.818781
1.649551
0.062443
0.454864
-0.508763
-1.064666
-1.136376
-1.727891
-0.431796
-0.102620
-1.328554
0.599754
-1.351611
-8.019593
-0.451083
0.596639
0.558842
0.640011
0.009651
1.855200
-0.269234
0.308248
-0.004552
-0.888885
0.115106
1.427442
-1.045335
-1.085949
-0.822862
-0.878101
0.239661
0.155795
-0.758366
-1.461622
-1.497195
-0.373623
-0.167054
-0.423519
-0.615742
0.725400
0.820980
-0.206852
0.168184
-1.322257
-0.259279
1.435075
-0.221717
-0.687488
1.249229
-1.050494
-0.732268
0.580721
0.628489
0.000991
0.227428
0.078553
-0.562619
0.582725
-1.084416
0.363080
1.644947
-0.352661
-0.773705
-0.973509
1.330016
-0.746260
-0.265697
-0.438271
0.386595
0.605753
-1.533319
1.151225
-1.363171
0.028080
0.855161
-0.264933
-0.882775
-0.506526
1.040658
-0.908659
0.501557
0.845858
0.967711
-0.600621
-0.205354
-0.832474
-0.606587
-0.265053
0.718471
0.412031
-0.170028
0.041489
0.006513
-1.122792
-6.547388
-0.415425
-0.001673
-0.865599
0.077214
0.400306
-1.074026
1.017001
-0.684592
-1.046548
-0.701064
0.969615
0.244488
0.408750
-0.921161
0.100048
0.077223
-0.266551
0.072647
-0.975856
1.163811
-1.319658
-0.964895
-0.636041
1.009125
0.940289
0.532001
-0.796197
1.055088
0.096850
0.603923
0.941649
-0.024518
-0.536529
0.924185
-0.628729
0.320171
0.908927
1.416730
-0.710504
-0.679398
0.797410
2.038769
-0.045210
-0.143934
-1.135960
0.775889
-1.181510
0.677846
0.145572
-0.977478
-0.955350
-0.104163
-0.798760
0.384454
0.032830
-0.671729
0.899821
-0.044140
1.460748
-1.018139
0.645903
0.922706
0.313531
0.685232
0.877863
-0.987056
1.112279
-0.102311
1.345075
0.796029
0.257869
0.685198
0.842688
0.422018
-0.283033
-0.831286
-0.208345
-0.774575
0.242643
-0.672450
-11.869793
-0.672789
-0.575908
0.330085
0.347929
-0.025819
1.538722
0.417502
-0.488277
0.650028
0.119273
0.482178
-0.629658
-0.276141
-0.164827
0.461414
-0.338254
-0.558770
-0.800782
-0.695131
-0.028528
-1.608728
-0.968644
-0.604286
1.401750
0.041903
-1.372682
0.171567
0.038232
-1.535064
1.152917
-0.753918
-0.990094
1.609348
0.982931
-1.312245
0.623302
0.307963
0.372984
0.591407
-0.322257
-0.731626
-0.761128
0.341406
-0.228706
1.091281
0.193624
0.125476
-1.390863
0.836038
0.939334
-0.724451
1.744095
-1.057804
0.298627
0.697233
-0.111575
1.240721
-0.807245
-1.272425
-1.075065
-1.155755
0.049884
-0.872149
0.205281
-0.743517
-0.516361
1.438743
0.715497
0.192315
0.386633
-0.427705
0.738902
-0.735312
-0.992741
-0.226919
-0.962285
0.466527
-1.259971
-0.926261
-0.212241
-5.295806
0.180466
0.903293
-0.941332
-0.586120
-0.138129
-0.677463
-1.122223
0.707053
0.537622
-0.620367
-0.804556
-1.584893
-0.713415
0.192911
-0.868882
0.334878
0.351324
-0.666716
0.137640
-0.071392
-0.601362
-0.366477
-0.230202
-0.419400
-0.133045
0.453670
-0.630382
1.827435
0.108350
0.698552
0.973858
-1.382504
-0.474554
0.762880
0.463562
1.244893
-0.226603
-0.521400
0.243156
-1.075510
0.599114
1.056468
-1.166985
-0.542095
0.517810
-0.469858
1.445608
-0.767911
-0.282426
-0.530160
-0.413717
0.779351
0.326033
0.451585
0.011377
-0.318937
-1.254579
0.741053
-1.083534
0.497543
-0.436416
-1.088756
1.458898
0.596745
0.538482
-0.093117
0.756520
-0.280586
-1.195848
-0.490201
-0.295041
1.301940
-0.959506
-0.135971
-0.724706
0.293380
0.007820
-0.896806
0.625764
-0.760449
-6.608601
-0.882443
-1.248871
-0.778578
0.530834
-0.052997
-0.258973
0.352963
-0.479614
0.822094
0.450204
0.229353
0.628395
-0.471177
0.213270
0.548859
-0.787599
-0.510921
-0.664486
-0.492463
0.617238
0.705114
-0.690185
0.366949
-0.489747
0.143475
-0.952646
0.214379
0.686591
-1.266889
0.393687
1.371676
-1.154267
1.471637
-0.513372
1.077674
-0.336204
0.451543
1.001269
0.378553
-0.089258
-0.152989
-0.569624
-0.807160
-0.470212
-0.973782
-0.729884
-0.419949
-1.070257
-0.334431
0.114482
-1.191466
1.376473
0.550923
0.533346
0.935779
-0.605557
-1.393639
0.298003
0.923065
-0.683860
-0.331426
1.068923
-0.304325
-0.594694
1.232442
-0.652098
0.098329
0.271448
0.566351
-0.285266
-0.804540
0.017369
0.925771
-0.525415
0.148057
0.932772
0.802077
1.359146
-0.196242
1.042722
-8.620433
-0.233064
1.576979
-0.388624
-0.886830
0.468616
1.302759
-0.674876
0.149429
-1.011549
-0.077452
-0.792162
-1.099572
1.013015
-0.451828
0.109402
0.769366
-0.857349
0.814205
0.619444
-0.640310
1.184654
-0.535610
-0.404286
-0.505320
1.606747
0.336221
-1.115712
1.640642
0.502483
0.917564
-0.221550
-0.262335
1.566898
0.927817
-0.976898
1.364990
0.290551
-0.603971
-0.125428
-0.807668
0.915668
0.306414
0.620651
0.654585
0.391126
-0.082062
0.091160
0.239907
-0.657624
0.035491
-0.712318
-1.436090
0.637549
0.571651
0.286209
0.537512
-1.230608
0.003604
1.453321
0.571365
-0.348658
-0.590036
1.293764
-0.174795
-0.770314
-0.529511
0.442213
0.837195
0.987469
0.451773
-1.085330
-0.262201
-0.584162
-0.330885
0.007146
-0.877003
1.018829
-0.770468
1.108901
-0.438144
-12.402251
-0.215921
-1.038639
0.338425
-0.706705
0.650015
0.091080
-0.752850
0.075184
-0.204170
-0.653935
-1.049520
1.161335
-1.072700
0.296502
1.583803
-0.182103
-0.667607
1.769286
-0.391060
1.500523
1.362936
0.745627
-0.830593
-1.004455
-0.463732
-0.134724
-1.010155
1.466194
-0.566255
-0.438146
0.160505
0.357186
-0.811707
-0.297809
1.038155
-0.905451
0.706916
-1.069546
0.735544
-0.696750
-0.632924
-0.714324
0.999122
-0.184107
1.016830
0.532448
1.293218
1.118832
0.264096
-1.068138
0.371001
0.726906
0.812166
0.763413
0.548772
-0.227324
-1.278339
1.022145
-1.506370
-0.536665
0.364876
0.195179
0.797618
-0.267932
0.703517
0.274054
0.981804
0.637387
0.963113
0.129284
-1.028603
-1.520807
0.885321
0.206808
-0.768846
-0.181592
0.591402
-0.711062
-0.602231
-0.414043
-10.041544
0.990378
0.969179
-0.511786
0.803825
0.791458
0.220091
1.799110
0.108445
0.946541
-0.394915
-0.058203
-0.613842
-1.228644
0.905118
-0.285948
0.592143
0.325435
-0.713259
0.052157
-0.494248
0.459104
0.092327
-0.979776
-0.890375
-1.524107
-0.310358
-1.048053
0.526010
-0.087223
-0.942185
0.186158
0.881541
-1.180664
-0.846349
0.872228
0.553153
0.597504
0.820433
-0.032966
0.252222
0.768410
-1.598993
-0.424328
-0.898213
-1.150122
0.737119
1.026169
0.994389
-0.459876
-0.271141
-1.142453
-0.345201
0.936913
-0.670026
-0.940208
-0.816830
-0.059054
-1.629106
0.305177
-0.396164
-0.767819
-0.227902
-0.942297
0.092532
-0.881288
0.269861
0.006639
-0.903343
-0.928112
-0.946818
0.390064
-0.897829
-1.347999
-0.134457
-1.077033
-0.748514
1.370205
1.711815
1.632079
-0.347835
-4.849826
-0.976011
-0.584035
-0.693131
-0.716955
0.533890
0.984989
0.914452
0.855209
0.765910
-0.763494
0.026553
-1.362428
-0.674824
0.755770
-0.815790
0.497359
-0.336145
-0.920026
0.822799
-0.003853
-1.568015
-0.974186
0.176537
-1.398358
0.051073
0.633858
0.705690
-0.587487
0.797085
-2.066125
-0.154289
-0.107986
0.827429
0.859779
-0.299888
0.333242
-0.158155
1.093562
0.500254
-0.523866
0.300098
-1.585065
0.240300
0.761810
-1.791349
0.226579
-0.044075
-0.698892
0.797408
0.281733
-1.528757
-0.151636
0.340238
0.411354
0.913954
0.926313
0.839258
1.524661
-1.210106
-0.867296
1.705643
0.660078
0.044559
1.508903
0.535169
0.231590
0.243315
-0.573507
-1.061638
-0.158064
-0.268400
-0.747817
0.328889
0.573511
0.842243
0.112266
-0.021616
0.483013
-1.062670
0.016411
-10.679833
-0.754049
-1.142182
0.289646
0.479616
0.167856
0.126815
-0.166434
-0.681838
-2.188383
-0.074511
-1.143053
0.708428
-1.215925
-0.920965
-0.429655
0.767598
0.353089
-0.323686
-0.882177
0.595027
1.460106
-0.739250
0.603295
0.738912
-1.360106
-1.010812
-0.740868
-0.145061
0.164705
0.178244
0.059250
-0.476265
-0.136383
0.144941
-0.994118
0.290170
0.259601
0.177288
-0.704435
0.292610
-0.898868
-0.950729
-0.531867
-0.119679
-0.488729
0.500883
-0.720236
-1.741809
-0.493187
-0.367736
-0.859058
-1.067300
0.002679
-0.661723
0.825185
0.114943
0.485131
-1.419829
-1.299780
0.816273
0.952037
1.208575
-0.491992
-0.815590
0.177658
0.652298
-1.641391
-0.502525
-0.690320
-0.225701
0.865762
1.090044
0.336227
-1.012705
-1.379744
0.987480
-1.859829
-0.704332
-1.221906
0.148768
0.126823
-0.174774
0.408550
-1.025673
-0.363564
-0.402939
0.088892
-1.196340
-0.133390
0.768424
0.876098
1.045311
-0.266986
0.233586
-0.792405
-0.689133
-0.500322
-0.241317
-0.260169
0.405976
1.115939
-0.050534
-0.270010
-0.259264
0.373997
-0.679116
0.289326
0.650768
1.265893
-0.170879
-1.746885
-0.296077
0.319758
-0.154857
0.155927
0.534529
-1.282606
-0.334648
0.561082
-0.000904
-0.625878
-0.242173
0.002004
1.289639
0.952949
-0.164438
-0.664630
-1.226239
1.524459
0.628183
0.593042
-0.420914
-0.524212
-0.550416
-0.724216
-0.477562
0.553342
0.939741
-1.279838
-0.139958
-0.990035
0.506407
-1.443706
0.438657
0.458739
0.540226
-0.102012
-1.786662
1.421340
0.567505
-0.014113
-0.857368
0.137773
1.423249
1.567831
-0.570620
0.118117
-1.783501
-0.564537
0.035717
1.569281
-9.151417
-0.567331
-0.393623
-0.177276
-0.349972
0.864512
-0.889996
1.217181
0.644294
1.007387
0.934016
-1.071768
0.587222
1.321790
-0.833725
-0.432118
-0.124167
-0.768827
-0.314843
-0.354442
1.149999
-0.505480
0.398015
0.289796
0.530852
-1.455815
-0.768372
0.180984
-0.306286
0.377985
0.100307
-0.114119
-1.042109
-1.264400
-1.086094
-0.772970
0.340446
-0.320681
-1.125137
-0.008519
-0.789475
-0.920505
0.701103
0.665715
-0.711445
-0.304776
-0.231201
0.667280
2.163487
0.630633
0.470882
0.567397
-0.476193
0.344599
-0.222925
0.817576
0.472385
1.112608
-0.908432
-1.062402
-0.200313
-1.185349
0.832334
0.903579
-0.810210
1.690245
0.596172
0.663472
-0.682662
-1.381120
-0.352280
-0.511710
0.724220
-1.162994
-0.657065
0.303661
0.631836
-0.356186
-0.872421
0.724495
0.181429
-9.800852
-0.080679
1.407772
0.666686
0.500268
0.319927
-0.205328
-0.061180
-0.293486
0.896243
0.884827
0.343179
-0.302924
0.804426
0.335631
-0.650669
-0.530772
0.071430
-0.677346
-0.433781
1.749965
1.103204
0.291665
-1.041929
-1.609080
0.013614
0.881893
0.205502
-0.609399
0.440085
-0.735954
0.528271
-1.271868
1.453273
0.331186
1.857945
0.650413
-0.394369
-1.180508
-0.755579
-0.874799
-0.252816
-0.411400
0.612072
0.634164
0.434302
0.894438
-1.216199
-1.589636
-0.037241
-0.414503
-1.762683
-0.680926
-0.919443
-0.962395
-0.398063
-0.373516
1.568897
1.314706
0.669652
-0.122769
-0.080854
-0.243125
-0.437993
-1.146723
-1.184624
0.028311
0.112814
-0.084574
-1.026359
0.829815
0.193739
-0.274281
0.004393
0.564880
-1.071670
-0.887658
-0.257161
-0.538146
-0.946366
-0.491507
-9.541338
-0.821002
-1.465108
0.543308
-0.884491
-0.440813
-0.881677
-1.674200
-0.398502
-0.821791
0.050865
-0.350950
-0.513473
-0.842702
-0.119258
-1.520501
0.252971
-0.925872
-0.235554
0.301443
-1.368499
-0.547046
-0.815094
0.833591
-0.461290
-0.307879
1.183564
0.427820
1.097545
-0.613837
-0.734234
-0.124299
-1.331538
-0.614838
-0.184982
-0.864323
0.194687
0.307652
-1.296280
-0.805667
0.502057
0.169408
-0.639383
0.766983
0.950081
1.522279
0.106848
0.439599
-1.173585
-0.769773
-0.530344
1.052877
-0.592834
-0.244067
0.007036
0.591603
0.738628
-0.231017
-1.093348
1.154892
-0.010932
1.480703
-0.988561
0.055936
-0.434930
-0.437539
0.975576
-1.333525
-0.614966
-0.852453
-0.310574
0.943440
-1.164157
0.689895
0.066018
-0.610565
0.588905
-0.442158
0.095304
-0.742651
-0.003209
-1.265554
0.108031
-0.809357
0.062064
-1.042798
-0.498912
-0.897982
-0.336496
0.745040
0.916509
0.914100
0.243434
1.341927
0.703134
-0.456732
-0.539369
0.259722
-0.272523
-0.105049
0.722157
1.258027
0.530606
-0.681083
0.429576
-1.280640
-0.670911
-0.589103
-0.400783
-1.182111
0.297605
0.166881
0.145915
-1.264275
-1.282572
0.800025
-0.291055
-0.829660
-0.624129
0.281899
-0.344394
-0.869501
0.645163
-1.541153
-0.829640
-0.516180
-0.300901
0.093403
1.104453
-1.620914
-0.466497
1.570209
1.273823
0.650049
-0.929024
0.347749
-0.602662
0.084529
-1.295513
0.472861
-0.305655
0.576759
-0.571980
-1.139170
1.311969
-0.563941
0.336212
-0.671430
0.224560
-0.693985
1.549685
0.819594
-0.643320
-0.385323
-0.946917
-0.742381
1.036961
0.229058
0.867521
-0.156395
0.007323
-2.096385
-6.957393
0.160260
-1.636815
0.030720
-0.669662
-0.405693
-1.074825
0.504516
0.708312
-0.745947
-0.344459
0.771053
0.650621
0.487197
-0.766855
0.353778
-0.037487
0.300947
0.098312
-0.500076
0.208116
-0.869676
0.451186
0.696133
-0.821840
0.185839
-0.421173
-0.616048
-1.284652
-0.022638
-0.328197
-0.174303
0.595393
-0.944425
-1.381817
-2.119514
0.271530
-0.757008
0.529486
0.163976
0.612533
0.446332
-0.202378
1.079976
-0.697648
0.144836
-0.186850
-0.068338
0.425112
-0.374366
-1.025505
-0.907595
-1.027746
0.489387
-0.701517
0.707354
-0.444547
1.079805
-1.541983
-0.820241
0.560686
0.538224
1.257472
-0.400688
1.389004
-1.479602
0.174011
-0.844726
-0.407209
-1.272336
-0.660436
0.904484
-0.922366
0.994686
0.577330
-0.151322
-0.079355
-1.569922
1.579737
1.808969
0.523572
-7.115442
-0.566289
0.270550
0.397062
-0.086960
0.931092
0.562716
-1.252953
0.534287
-1.189682
0.695942
-1.051678
0.005780
0.859137
-0.919135
-0.430313
-0.978439
0.581707
-0.061883
-1.176407
-0.064495
0.694628
-0.752020
0.261565
-1.518734
-1.164650
-0.500723
-0.875961
-0.686419
-0.589642
-0.121321
-0.713063
-0.737918
-0.945139
-1.736064
-0.253066
1.522435
-1.003195
0.958498
0.485159
-0.041509
-0.049416
1.259852
0.828692
1.155838
-0.810997
0.782899
1.315735
0.659965
-0.359594
-0.809988
0.867100
0.877099
-0.471658
-0.409823
0.628268
0.415910
0.124135
1.353984
-1.344551
-0.028087
-0.437810
-0.479773
0.986578
0.661508
-0.858391
0.006283
0.891950
-0.523924
-0.810915
-0.327014
0.174181
0.332271
-0.140130
-1.128640
0.683434
-0.329805
-1.416131
1.105277
-0.813077
0.273331
-5.638227
0.408369
-1.215648
-0.544504
1.179741
-0.538940
1.205419
-0.895191
0.966594
1.108666
0.855047
-0.478115
-0.608415
0.973557
-1.027857
0.665838
-0.516527
0.478383
1.011018
-0.108988
-1.553646
-0.497994
-0.606242
-0.348803
-0.604828
-1.547705
0.778278
0.119936
1.059549
0.493683
-0.999937
0.096757
0.034009
-0.939366
0.641513
0.149640
-0.117771
0.378308
1.141767
-0.306626
0.005885
0.907936
1.022027
0.792861
0.223266
0.811320
-0.853752
0.616512
-0.085520
0.444506
-0.525332
-0.580710
-1.085821
-0.066972
0.785467
0.037267
-0.004779
0.841319
-0.573419
-0.015618
-0.313160
-0.943922
1.325567
0.547999
0.885130
0.194850
-0.442084
1.452744
-0.021604
-1.522198
-0.693236
-1.018686
0.354765
1.161745
-0.156620
-0.411325
0.358433
0.838301
-0.623695
-0.506615
0.089115
-9.639091
0.266597
-0.112357
0.797193
0.223694
-0.786678
0.222330
-1.088668
-0.460509
1.033971
0.115107
0.126446
1.111982
-0.558431
-1.031798
1.371524
0.333880
1.453303
-0.979761
0.519310
-1.052464
-1.035019
0.279005
-0.952016
0.169625
0.046115
0.659517
0.238397
0.207617
0.777941
-1.034502
1.174680
0.336722
0.738762
0.485406
-1.784066
1.580352
-0.306791
-1.172313
-0.643761
-0.635939
1.020174
0.978204
-1.444348
-0.577792
0.072034
0.236230
0.356677
0.093251
0.300316
0.449363
0.586711
0.201247
-0.134022
0.695361
0.476718
0.162097
-0.450316
0.737639
1.302397
-0.165387
0.764766
0.598340
-1.264509
0.532463
-0.028936
-0.840202
-1.303529
0.902188
-1.366976
-0.082425
-0.732998
-1.228120
-0.472152
-1.180272
-0.024681
0.757605
1.056504
-0.505817
0.160558
0.410890
-8.841579
-0.413381
-0.805038
-0.399775
-0.323523
-0.881836
-0.787302
0.597936
0.271109
-1.565743
-0.505753
-0.627398
0.928549
-0.960553
0.284428
0.154350
-0.346384
-0.661354
1.303147
1.314008
-0.070855
0.828206
0.337507
0.365187
0.745151
-1.077184
0.091861
0.212119
-0.701918
-1.124255
-0.845693
-0.233248
0.367297
0.576339
1.041790
1.173786
1.558438
-0.886797
0.291607
0.195000
-0.883210
0.080096
1.611520
-0.167367
0.561543
0.287327
0.418095
-0.836009
0.852451
-0.592245
0.433649
-1.173885
1.732701
0.173112
-0.980518
0.720117
0.413252
0.936934
0.724022
-0.856897
0.459171
1.195413
-0.564627
-1.232786
0.282039
-0.043207
0.704148
0.850571
0.177259
-0.013759
-0.760415
0.232708
0.887613
-0.390580
0.645484
0.482739
0.416133
-0.448880
1.856126
-0.153834
0.808882
-14.897514
0.289146
1.237950
-0.060090
0.155272
0.408707
-0.793487
-0.961183
-0.562607
-0.084110
-0.731473
-1.273019
0.004728
-0.783161
0.479570
-0.386046
-0.416325
-0.836712
0.532826
-0.200131
0.037640
0.177787
-0.403968
0.327978
0.350230
-1.520028
0.424153
-0.960445
-1.428235
0.917376
0.853692
1.832269
-0.801198
-0.391040
-0.153816
-1.822006
-1.149756
0.675947
-1.706462
-0.137042
-0.433305
-0.088286
-0.225908
-1.159089
0.945223
-0.515962
0.580464
-0.380547
1.054091
0.544574
0.468612
0.395932
-0.645329
-0.963639
0.930185
0.789068
-0.794430
-0.229404
0.455486
-0.931862
-0.786749
0.297401
-1.130148
-0.385921
-0.345066
-0.469494
0.350559
-0.161655
-0.252531
-1.818072
-0.927281
0.373688
-0.059502
0.104740
-1.121947
-0.133020
0.879544
1.355462
2.042864
0.732549
-0.096390
-2.934490
0.836784
-1.861912
0.154994
0.844270
1.567755
0.274278
-0.540270
0.863474
1.157385
-0.210432
0.621402
1.473332
1.345868
-0.870848
0.387330
0.434339
0.139106
0.360964
0.513296
0.592296
0.230356
-0.076115
-0.297823
0.153028
-1.238490
-0.635303
0.014964
-0.108724
0.913244
-0.833028
0.148003
0.262766
-1.014667
-0.186443
1.172889
-0.158692
-0.390160
-1.386965
-0.576798
-0.647715
-0.279143
1.241180
-1.091678
-0.041321
-1.530876
0.360076
-0.843306
1.151936
0.149964
0.636290
-0.885770
-1.142862
-0.259919
0.837300
0.679423
0.128001
-0.998508
-0.743258
0.554687
-0.612444
0.955863
-0.041047
-0.799488
0.778347
-0.863694
0.840574
-1.184356
-0.252341
1.331210
-0.401278
0.155130
-0.667353
0.059235
-0.069165
0.648736
-0.452314
-0.090731
1.605931
-1.177219
-0.437825
-7.554644
0.065841
0.232646
-0.964023
-0.103289
-0.643891
1.196064
0.372025
0.052212
0.794275
0.893426
-0.617246
-1.210676
-1.261267
-1.010375
-0.565560
-1.012716
-1.039102
1.086680
0.822196
-0.646475
0.119455
-0.292229
0.501880
-1.051076
-0.879312
-0.941425
0.148201
-0.033397
-0.635488
0.757224
-0.899542
0.759594
1.389680
-0.458677
-1.172662
-1.550554
-0.612431
0.907380
0.129216
0.664009
0.245884
0.969021
-0.974399
0.797476
0.580295
-0.276563
0.930717
1.745438
-1.059930
0.462948
-0.652394
0.429930
-0.717113
-0.508857
0.012938
-0.193838
0.169042
-1.240304
-0.548260
-0.304431
0.323140
0.032482
-1.277811
0.636532
1.242636
-0.860147
1.156477
-0.607499
1.712927
-0.384164
-1.012696
-0.439949
-0.279777
-1.501390
-0.074907
0.562269
0.757643
-0.769670
0.573897
0.441027
-5.802451
-0.686913
0.071600
-0.781577
-0.308826
-0.603298
-0.481326
-0.251518
0.046911
-1.180741
-0.789583
-0.610019
2.012382
-0.961089
-0.954499
0.280779
-0.534198
0.025940
-1.372781
-1.006303
-0.030886
-1.485143
0.145041
-0.592169
-1.252103
1.640409
-0.937783
0.240318
-0.922543
0.621018
-0.459608
-0.710826
0.466006
-1.414363
-0.425176
0.212467
0.536997
0.792730
-2.047527
-0.945063
-0.730307
-1.026263
-0.509943
1.373481
-0.697944
-0.473013
0.696318
0.213634
-0.049233
0.854506
-0.240329
0.219791
-1.634601
-0.969662
0.346226
-0.580366
-1.388299
0.267011
1.424447
-1.285804
-0.216727
-0.169049
-0.587701
-0.587812
-0.920005
0.833842
0.168618
-0.263891
0.118172
1.073766
0.205895
0.278813
1.051928
0.926835
-0.189599
1.130442
-0.200884
0.334592
0.447233
0.028741
0.219819
-4.926491
-0.808164
-0.769117
1.243303
0.987276
0.334768
1.361410
-0.351634
0.098395
-1.592765
0.774440
0.005805
0.128053
-0.473311
0.370192
-0.735509
0.551391
-0.353078
1.226622
-0.284392
1.530236
-0.221380
-0.888290
0.888095
-1.307027
-1.674298
-0.439198
-0.016587
-0.657939
-1.566592
1.169839
-0.699027
-1.402003
-0.707411
-0.744456
1.471856
-1.357992
0.781967
0.248999
0.272018
1.537344
-0.567117
-0.405530
-0.084055
-0.073078
0.863898
0.070600
0.276745
0.385641
-0.713714
0.196932
-0.552178
1.130017
0.370902
-0.443754
0.205038
-0.054505
0.921362
-1.329876
-0.862392
0.334631
-1.173135
-0.719371
0.768647
-0.458211
-0.343367
0.475701
0.332916
-0.788693
-1.176010
-0.576460
-0.699050
-0.185928
0.196026
0.244250
0.932157
-0.109835
-1.363043
0.031856
0.699687
-1.252844
-5.951617
-0.890878
1.090676
-0.306071
-0.460032
0.337934
-0.556459
-1.283664
0.373159
0.156808
0.421030
0.473148
0.033446
-0.029735
-0.522293
1.109820
-0.451161
1.293293
0.121703
-0.444519
-1.336241
-1.199193
0.417253
0.164488
1.237646
0.695041
-0.390231
-0.908787
-0.208633
0.446680
0.151337
-0.811005
1.465334
0.424581
0.682109
-1.120270
1.330957
-0.837901
-0.397818
0.361718
0.004797
0.926150
0.262975
-1.421679
0.192367
-0.040522
-0.965883
1.110286
1.401563
-0.637025
-0.689577
1.390493
0.809643
-1.076139
0.019629
0.115553
-0.126650
1.172962
0.496089
-0.292561
-0.200806
-0.944189
0.374910
0.634333
-0.081810
0.288959
0.227161
0.964674
0.454866
1.332901
-0.536556
-0.783227
1.643503
0.814900
-1.044417
0.150138
0.104198
-0.873309
-0.662681
-0.333401
-0.134499
-11.120421
-0.782736
0.097629
-0.602548
0.083902
0.494269
0.264116
-0.859338
-0.271373
0.084200
0.408329
-0.251370
-0.726964
-1.236072
-0.793479
1.771449
0.378659
1.466408
1.112137
0.026414
-1.549691
0.928156
-0.193673
0.593145
-1.442814
1.389525
-0.460498
-0.422824
-0.497831
0.173627
0.896990
-0.089484
1.284238
1.595967
-0.769457
-0.920971
0.882111
-0.599845
-0.521983
0.896465
0.444250
-0.428084
-0.045818
1.070102
-0.032023
0.366340
0.761195
-0.987834
-0.249989
0.001442
0.271834
-1.399929
0.967757
-0.708661
-0.267389
-0.012597
-0.982475
1.845463
1.212600
-0.573618
-0.223127
0.625981
0.201627
-1.205259
0.055988
0.832144
0.239361
-0.997007
-0.936014
-0.580017
-0.902423
0.312782
-0.351940
0.972347
0.904459
-0.244155
-0.544624
0.590017
-0.909806
0.011395
-0.316601
-10.358912
-0.673700
-0.096835
-1.114014
-0.057922
-0.833754
-1.183099
0.069192
0.694776
-1.449333
0.526714
0.159652
-1.451243
-1.790877
-0.877069
1.407203
0.288526
-0.758175
-1.137374
0.887437
-0.567015
0.577059
-0.097648
0.845690
0.377999
0.191920
-1.430922
0.830905
0.158472
0.673231
-0.501627
0.094147
-1.721416
-0.169964
0.840591
1.033725
1.095827
-0.839540
0.954881
0.010578
0.067631
0.385845
-1.365262
0.173377
0.253592
-1.184580
0.237456
-0.338590
0.215308
0.250592
-0.796934
0.874150
0.586881
0.320542
0.604166
0.605335
-0.130425
-1.490147
0.508032
-1.146092
0.652589
1.523365
0.057576
1.797950
-0.209307
0.205061
-0.020831
-1.080441
0.341375
0.722051
0.274847
-0.737069
0.080650
0.835293
-0.114132
1.070794
0.750642
-0.949446
-1.284582
-0.425927
-1.070944
-8.409584
-0.715106
-0.894535
1.885376
1.086251
-0.623487
1.300472
1.800180
-0.760417
-1.154171
0.651067
-0.192770
-1.334111
0.710885
-0.048656
-0.023649
-0.527542
-0.069672
-0.261756
0.186414
-0.895170
1.098229
0.390388
-0.846372
0.444659
0.418219
-2.085115
0.580201
-0.659454
-0.026300
1.167723
0.644102
-0.550614
-0.105873
0.856614
-1.162202
0.188590
-0.680210
0.372952
0.863890
-0.058923
-0.872417
-0.020261
-0.145511
0.899473
-1.061813
-0.545242
-0.671463
0.102301
0.125605
0.540992
-0.736276
-1.384906
0.085624
0.406298
0.047617
-0.930120
2.006238
-1.077660
1.205504
-1.038106
-0.534829
0.342569
-0.740118
0.658653
0.601713
0.737393
-0.010416
0.302712
-1.123688
0.155411
-0.731450
-0.903981
0.371710
0.696898
-0.707761
-0.938394
1.799259
1.180606
-1.077944
-0.014946
-9.741695
0.558432
1.115589
0.423349
-0.081275
-0.502155
-1.189681
-0.919009
0.337715
0.907245
-0.551844
-1.256664
-1.041214
-0.300860
0.740460
0.803551
0.111883
0.608925
0.451651
0.634991
-1.167112
0.371027
-0.673572
0.531032
-0.239490
-0.277815
1.062660
-0.128666
-1.364121
-0.833459
-0.981939
-0.812047
1.044531
0.173842
0.006054
-0.003077
-2.106271
-0.004560
-0.551979
0.463161
-0.577616
0.630572
0.741780
-0.309786
-0.089561
0.349396
0.148670
-0.710809
-1.038614
-0.618328
0.742564
0.569088
1.759579
-0.849481
-0.316685
-0.029784
0.304069
-0.891246
1.358836
0.960379
-0.596396
-2.089086
-0.669478
-0.722622
0.459939
0.009734
-0.223755
1.145911
-0.945340
1.522502
0.137160
-0.477277
-0.230831
-0.601020
1.220079
-1.142961
-0.818259
1.370491
-0.909478
-0.498261
0.241088
-7.523185
0.824377
-0.219078
-0.584644
-0.556522
-0.832584
0.117456
-0.767824
-0.685678
0.708428
0.369874
-0.054619
-0.228001
-0.086617
0.901782
-0.760894
-0.609736
1.888319
-0.409139
-0.843406
-0.489132
0.409036
0.373882
0.634140
-0.024150
0.665346
0.912009
-0.907545
-0.917650
-1.066575
0.782645
-1.420280
-0.600083
-0.246141
-0.822411
0.039360
0.283058
0.981540
1.642641
0.810963
-0.023850
-0.019208
-1.149222
-1.641597
-0.182557
-1.291881
-0.258142
-0.119498
1.369523
0.128593
0.166712
-0.117618
-0.663490
-0.363691
-0.551388
0.415773
-0.835129
-1.491185
1.300656
-1.364526
-0.092745
0.214787
-0.942928
0.141504
-0.911911
0.784810
-0.580518
0.543007
0.013436
-1.429870
0.586672
-1.045858
1.363822
1.011972
-1.022866
-1.075461
0.946671
-0.304903
1.112052
0.579425
-0.232859
-7.113844
-0.473727
-0.843159
0.937241
-0.342182
-0.963171
1.326469
0.047279
0.734968
-1.271538
-0.723148
0.504479
-0.500572
1.020100
0.240052
1.879308
-0.912640
0.690897
0.077556
-0.668312
-1.055153
0.313659
0.894323
-0.384853
0.662555
-1.890332
-0.843677
-0.710957
2.032999
-0.341495
0.000386
-0.545395
0.563105
1.375934
-0.948543
1.478759
0.705360
0.878666
0.703407
0.279487
-0.899502
0.960530
-1.227659
-0.533492
0.083934
0.405709
0.004188
0.170761
-1.014941
-0.990468
0.741951
-0.135788
0.359513
0.724501
-0.534602
-0.651107
-0.706020
-1.049580
-0.221364
-0.493114
0.411310
-0.009209
-0.947348
-0.265717
-0.652482
-0.752395
-0.555935
-0.843297
-0.549276
0.024415
0.597220
-0.358801
-0.384647
1.176511
1.288821
-0.738149
0.630785
0.099957
0.286581
-1.007290
-0.863922
-8.235736
-0.770915
1.015777
1.034467
-0.382202
-0.934430
-0.193555
1.378653
0.001284
0.304486
0.337476
-1.039547
-1.302198
1.683186
0.115924
0.493681
-0.649227
0.782023
-0.069273
-1.113824
0.379131
-1.072205
0.115155
0.230016
-1.356707
1.204123
0.414292
-0.271689
-0.078990
0.571235
1.068906
-0.211074
0.006951
0.438277
-0.335135
-0.956286
1.639675
-0.606579
-1.532354
-0.075353
-1.024402
0.615467
-0.465140
-0.025897
0.417495
-0.436371
0.385234
1.109019
-0.959976
-0.149171
0.815084
1.247111
-0.211211
-0.131222
0.159060
0.198278
-0.561797
0.141149
-1.596729
-0.067867
0.511438
1.449111
0.620173
-0.064592
0.635782
-0.883673
0.798590
0.984311
-0.105740
-1.365279
-0.793445
-0.242181
0.446330
0.895376
0.762056
0.092459
-0.579026
-1.061187
-0.340619
-0.475813
0.274296
-11.624715
-0.412783
0.779785
1.182888
0.953171
-1.117763
-1.560740
1.542728
-0.898316
-0.030996
0.582084
1.031946
-0.715182
-0.608222
0.350590
-0.287365
-0.239528
0.213497
0.427715
-0.220091
0.203660
0.164793
-0.661967
-0.138721
0.883793
1.042254
0.120766
-0.586036
-1.092151
-1.810628
-1.938001
-0.377019
-0.046476
0.634494
-0.343817
-1.113835
0.058094
-0.257123
-0.349672
-0.005231
0.336619
1.684302
-0.348821
0.735633
-0.092004
-1.009913
-0.414188
0.372766
0.049285
-0.846641
-0.616207
-1.085092
0.162166
-0.120407
0.299646
-0.521373
-0.551994
-1.377942
-0.294760
0.276117
-0.243113
-0.498392
1.239092
0.577635
0.715725
1.453890
-0.933451
-0.421937
-0.472599
-1.071383
0.813181
-0.984024
-0.509188
-0.753028
1.417852
0.738573
0.158568
-0.658059
-0.484688
-0.462616
0.079119
-6.155433
-0.297122
0.546976
0.032252
-0.653015
0.457835
1.501342
-1.451286
-0.204676
0.121622
0.449198
1.684053
-0.444561
-0.743323
0.758684
-0.504126
0.066763
-0.860775
0.924245
0.550909
-1.068106
1.148897
-1.044565
0.338332
1.850948
-0.434859
-1.188283
-0.857866
-0.883765
-0.187519
-0.697614
-0.817975
0.777458
-0.986160
-0.003000
1.117497
-1.452646
0.937716
-1.374787
-0.105777
0.423602
0.516623
-0.227563
-0.253651
-0.446694
-0.341574
-0.973466
-1.218974
0.941630
0.794986
0.549575
-1.689084
1.172522
0.599228
0.413911
0.476013
0.289477
-1.213992
0.101411
1.266687
-0.114586
-0.701126
-1.473724
-0.971090
0.157623
0.434201
-0.719393
0.619697
-0.116606
-1.023793
-1.099035
-0.535790
-1.073155
0.207596
0.872296
0.988396
0.409709
1.233704
-0.759410
0.129884
0.523331
-7.940799
-0.213926
0.566628
0.210589
-0.978708
-0.825864
0.636098
-0.979206
-0.612320
-0.828844
0.243763
-0.239080
-0.253313
0.826357
-1.020154
-0.982459
-0.821377
0.011595
0.176993
-0.198191
-0.832429
0.844743
0.190154
0.851625
0.837307
0.610843
0.806794
-0.334516
0.220062
-1.193358
-1.257474
-0.561891
-0.449224
-0.512438
0.526859
0.220517
0.179501
0.381404
0.884907
-0.678802
0.055323
0.090868
-0.189179
0.141109
0.124203
-0.549553
-0.058660
-0.584504
0.594352
-0.757424
0.106073
1.707082
-0.861761
-0.151854
0.812933
0.551702
0.440556
0.578151
-1.320627
1.904098
0.263796
-1.513806
-1.001605
-0.319537
0.405172
-0.473833
0.517787
1.153805
0.639141
0.503043
-0.842978
-0.648443
1.122172
1.665508
-0.681910
-0.124182
0.201166
0.996041
1.091679
1.705466
-1.913897
-8.908353
0.749730
-0.674014
1.807300
0.556247
0.896043
-0.243138
-0.589026
-0.626780
0.182112
-0.862576
-0.074277
1.020142
-0.528060
-0.098793
0.231142
-0.989717
-0.054663
-0.134884
-0.255092
0.086212
0.963812
-0.332506
-0.227976
-0.974919
0.763184
-0.476786
-0.529801
-0.893542
1.056889
-0.729170
-0.012216
1.157977
0.396805
0.111986
0.764840
0.035279
-0.478310
-0.539115
0.486762
0.864902
-0.731924
-1.250991
0.348872
-0.151538
0.574251
-0.127348
-0.383152
-1.027168
-0.868730
1.011892
1.165099
2.048224
-0.585090
-0.544264
-0.418655
0.593237
-0.519169
0.251806
-1.784843
-0.597752
1.247267
0.157497
-1.504186
0.417804
-0.981609
0.511455
-1.192422
0.035314
0.760367
0.522805
-0.628224
1.318386
-0.830548
1.265567
-0.916921
0.627620
-0.995815
0.040386
-0.958455
-0.380889
-7.900880
0.636165
-0.650612
2.344323
-0.933866
-0.350879
-0.432528
-1.188155
-0.698490
0.779790
0.098828
-0.556238
-1.317533
-0.163952
0.092083
-0.301464
-0.166192
-0.020275
0.470039
-0.930599
0.982526
-1.487403
-0.801191
0.012589
1.567245
0.822775
0.595717
-0.709112
-1.600611
-0.948798
0.182451
0.517995
-1.339148
0.177723
-0.282456
-0.099947
-1.215560
0.740634
0.449787
0.093812
0.247432
-0.539260
-0.874786
0.926528
0.519645
-0.611047
-0.658131
-0.265772
1.646342
-0.937259
0.081058
0.896829
-0.762752
0.156810
0.940595
-0.670511
-0.610203
0.401788
-1.129520
-1.479948
0.384327
0.701326
0.455100
0.961386
0.553128
1.120126
-0.591966
-0.640188
0.411502
1.634373
0.204094
-0.607012
1.477501
-1.088569
-0.004347
-0.357784
0.109021
-1.101249
0.627647
-0.743559
-2.274212
-7.926077
0.823219
0.580065
-0.756055
0.721062
-0.066467
-1.514720
-0.832543
0.961042
-1.420147
0.983366
0.097401
1.435661
1.356257
0.003822
0.563435
-0.727519
0.470843
-0.145333
0.685235
-0.437892
1.232688
0.602837
0.104366
0.662782
-0.203679
-1.392898
0.561950
-0.461223
0.384925
-1.017946
-1.133675
0.609003
0.608304
-0.579001
-0.760978
-1.487595
-0.564259
-0.932316
-0.855093
0.109183
0.195338
1.256398
-1.099141
0.141318
-0.150144
0.799391
0.331400
-1.036831
-0.264791
0.258051
0.196084
-0.299836
-0.063296
-0.896526
0.574632
-0.781083
-0.976532
-0.557282
0.948055
0.620220
-0.270802
0.385922
0.436239
-0.905806
0.191041
0.748906
-0.878405
-0.969566
-0.677920
-0.343156
-0.213666
-1.085862
-0.713950
1.433055
0.791961
0.645629
-0.881599
0.155089
1.303335
1.069389
-8.062302
-0.167421
-1.775674
1.290813
0.126528
0.602462
1.447354
0.009072
0.047026
0.737541
0.049520
-0.503871
-1.313174
0.328861
-0.359799
-1.075734
0.617280
-0.258110
-0.693373
-0.545541
-1.720593
0.676058
0.315383
-0.405051
-0.740265
0.597560
-1.350583
0.603568
-1.009343
-0.589935
0.419850
-0.334655
0.985617
0.655607
-0.342872
-1.006068
0.760825
-0.076210
0.934352
-0.182024
-0.792311
-0.708401
0.226384
-0.207463
-0.680134
0.549511
0.308285
-1.181776
-0.514745
0.682082
0.163115
0.504283
-0.360821
-0.787045
0.860689
0.501859
0.553449
-1.670850
0.253460
0.870531
-0.612836
0.278211
-0.033472
0.916110
-0.546193
-1.094163
0.613006
-1.117035
0.018328
1.003125
0.129993
0.247492
0.947231
-1.296609
-1.568302
1.180728
-0.800208
1.551320
0.186398
0.055028
0.315602
-7.741412
-0.451822
-0.855547
0.036540
-0.701543
0.726874
-1.002192
-1.163586
0.045775
0.272864
0.096852
0.736969
1.689872
-0.734218
-0.350040
1.920877
-0.681062
0.840969
0.935981
0.413438
-1.088899
-1.417282
-0.294646
-0.316727
-0.894521
-1.117471
0.541587
-0.837941
-0.553786
-0.568602
1.009494
1.244469
0.390655
1.319046
-0.793889
1.163405
1.400818
0.081001
1.173740
-0.218247
0.625545
-0.001848
0.221735
1.031382
0.741133
0.986257
0.251996
-1.287118
-0.240527
-0.815309
0.309803
0.004004
-0.675524
-0.894748
-0.974099
0.166997
0.042511
-0.619044
0.714180
0.772389
0.277413
0.614416
-0.058085
0.215622
-0.318715
0.252883
0.620457
0.480277
-0.274823
1.124054
0.394686
-0.701128
-0.982376
-1.114851
0.727113
-0.214807
0.795253
-1.470473
-0.973430
-0.706799
0.783490
-9.810437
0.777648
1.698865
-0.031893
0.582246
-0.182786
1.042148
-1.092801
-0.503711
0.053021
-0.773445
1.022319
-1.305699
-0.837138
-0.531934
-1.245084
-0.842411
0.053298
-0.545640
0.544706
-1.168445
0.530481
-0.579584
-0.013352
-0.963428
0.541781
0.509723
-1.049404
-0.223260
0.414026
0.669370
0.290287
-0.332611
0.370081
-1.435510
-0.897320
-1.308136
0.560502
1.351347
-0.217748
-0.351360
-1.083201
-1.098197
-0.356857
-0.394952
0.196917
0.057721
-0.405289
-1.472134
0.783519
-0.338241
-0.767084
-0.157007
0.116374
0.944966
-0.971283
-0.865965
0.499283
-1.561871
0.390075
-0.805084
1.274017
0.710081
-0.006332
-0.678649
1.261410
-0.435672
-0.121755
-0.088235
-1.107988
0.721938
0.764859
0.984039
-1.031931
0.346652
1.127133
0.007014
-1.667689
-0.903161
0.832912
0.938577
-6.528728
-0.940831
0.337468
-0.778266
-0.797038
-0.172586
-0.889779
0.344482
0.060386
-1.399404
0.106438
-0.733846
1.151155
0.208024
0.098712
-0.182248
0.184344
-0.741094
-0.978280
1.781580
1.035102
-1.378540
-0.681026
-0.985077
-0.505779
1.447420
-0.222503
-0.135407
-0.911823
-0.793732
-0.041472
0.727050
-1.333348
1.024077
0.174002
-1.415053
0.264455
-0.970000
0.580774
0.828432
-0.656754
-0.709645
-0.598677
1.179921
-0.069819
0.983664
-0.053343
-1.042871
0.500305
0.072487
1.034923
1.135467
0.213011
-0.723252
0.894173
-0.832419
-0.747187
-0.004014
0.674438
-0.603400
0.207096
-1.190040
0.897880
1.209938
0.844006
0.302736
-0.945675
-1.035375
0.487443
0.216635
-0.613696
0.668515
1.182097
-0.766752
0.778669
-0.071065
-0.539471
-0.899115
0.652616
-0.852416
0.765949
-9.338318
-0.937679
-0.786091
-0.151067
1.448931
0.013612
1.379954
0.375596
-0.695676
-1.542042
-0.650068
-0.967808
-1.126948
1.341468
-0.959299
1.088901
-0.976531
-0.483992
-0.342907
0.187317
1.124795
0.665536
0.019426
-0.962797
-1.178389
1.191391
-0.049347
-0.054956
0.436733
-0.019541
-0.741425
0.668425
0.256740
0.521608
0.408622
0.771313
-1.066030
0.019983
1.205165
0.112862
0.186325
-1.020993
0.809235
0.881398
-0.923735
1.009283
0.017415
-1.000166
-1.035069
-0.847558
0.461527
1.026043
-0.246567
-0.384306
0.853260
0.624743
-0.359899
-0.396747
-0.768183
1.096172
0.263832
0.899922
0.756105
-1.118930
0.743652
-0.260595
0.181889
-1.799527
1.023770
-0.073744
0.083809
0.127937
-0.250778
-0.502730
0.538537
0.113642
-0.690785
1.131407
0.310208
-0.196578
1.073529
-10.346793
-0.577093
-0.150631
0.864976
-0.606110
-0.211879
-0.691318
-0.864535
0.399162
-0.347060
-0.830852
-0.257475
1.267936
-1.169048
-0.880628
-0.380288
0.647995
-0.714703
-0.543853
-0.499683
0.893922
1.021720
0.934429
-0.867235
-0.377351
-0.509645
-0.153470
-0.833760
0.164989
0.232193
-1.012796
-1.726695
1.674213
0.599260
-0.757033
1.189401
1.298005
-0.406659
-1.211461
0.056067
-0.339757
-0.533979
-1.275455
-1.069274
0.385382
-1.119776
0.352876
-0.205356
-1.068704
-0.927104
0.480720
1.329274
-1.283068
0.724809
-0.851729
-0.313113
0.239284
-0.697881
0.225722
-0.627360
0.823623
-0.788179
-0.897647
1.279800
-1.047818
-0.903685
0.454065
0.475662
-0.119557
-2.009420
-0.293363
0.625487
-0.567229
-0.852914
-0.831434
-0.202910
-0.032091
0.851438
-0.097656
0.101348
1.245434
-4.747845
0.384368
1.319451
0.052815
0.428212
-0.620272
-0.614430
0.243787
0.471737
0.121324
-0.938405
-0.640892
-0.933570
0.758893
-0.670352
0.198576
0.005905
-0.967824
1.639465
1.021604
0.363087
0.114475
-0.802522
0.556127
1.528186
-0.727298
-0.882541
0.497145
-0.851406
-0.898494
0.346540
2.097049
0.736170
0.418828
-0.170944
-0.475090
1.343746
0.203198
0.491242
0.372762
0.490610
0.804002
0.899454
-0.766795
-0.176702
-1.466756
0.576024
0.638428
-1.244351
0.494659
0.315341
0.255699
-0.592899
0.344953
-0.132653
0.223786
-0.885347
-0.567255
0.291008
-0.571224
0.456213
-1.138230
-1.038350
0.343485
0.175175
-0.297131
-0.988196
0.776917
-0.643012
0.612432
-0.595892
-1.000465
-1.079451
-1.144077
-0.853667
0.450957
-0.623898
-1.299671
0.027525
-0.459301
0.964392
-9.677646
0.859695
0.788752
0.574019
-0.481607
-0.717401
-1.312655
-0.882699
0.268669
0.081106
0.815728
0.174021
-0.026825
-0.719169
-0.024521
-1.100086
-0.184434
-0.936947
-0.785531
-0.964718
0.213772
-1.198036
-0.493570
-0.004137
-0.067791
1.433714
0.785139
0.293583
-0.267616
-0.682319
0.532175
0.677848
1.881097
-0.958537
0.403380
-0.853054
-0.938404
0.318478
0.332561
0.895424
0.763491
-0.107085
-0.039612
-0.740077
0.648977
-0.916136
-0.094323
-0.757152
-0.823902
0.305829
-0.642396
0.439513
0.412764
0.035866
-0.425454
0.049618
-0.107596
-1.533774
-1.104023
-1.458085
-0.939033
0.069328
1.335855
-1.208537
0.384840
-0.674632
-0.279152
-1.091375
0.941759
1.157965
-0.765961
0.871393
-1.104788
0.398306
-0.314368
-1.214309
-0.840728
1.414950
-0.709137
-0.326409
0.443310
-4.349125
