0.050467
-0.455075
-0.584642
-0.632180
-0.998119
0.546812
-0.144968
0.413100
-0.327013
-0.400190
0.839732
0.423158
0.521105
0.376909
0.214139
-0.790257
0.049133
-0.605997
-0.827321
0.021164
-0.493574
0.431528
0.014365
0.016342
-0.347987
0.306256
0.760440
-0.220040
0.365023
-0.414128
-0.776972
-0.594986
0.159400
-0.327525
-0.255903
0.161397
-0.697551
0.655925
-0.427349
0.015816
-0.707130
-0.599158
-0.541758
0.866769
0.855302
0.719991
-0.839788
-0.038686
-0.780495
-0.673738
-1.046511
-0.216917
0.794999
0.032399
0.833653
-0.446431
-0.612200
0.631672
0.309538
0.794903
-0.676594
0.580593
-0.714189
0.498567
-0.751245
0.039882
-0.349992
-0.456074
-0.288404
0.298510
0.580523
0.048275
0.717631
-0.918053
-0.125704
0.645868
0.823909
0.042234
-0.414431
-0.885038
-4.462342
-0.348418
-0.176060
-0.304493
0.729331
-0.733298
0.859288
-0.517845
-0.573490
0.206594
-1.055812
-0.312548
0.171589
-0.642640
-1.002570
0.350824
0.257158
0.635588
0.704583
-1.162415
-1.413389
0.255546
0.355101
-1.067313
0.032858
-0.900786
0.442470
-0.075358
-0.006034
-1.194873
0.365833
-1.101787
0.157077
-0.621173
1.123526
-0.662074
-0.653357
1.131778
-0.041148
0.777351
-0.246124
0.606552
-0.724814
1.598859
0.033926
-0.671215
-0.573555
-0.392890
0.450759
-0.886184
-0.624012
0.765217
0.835017
1.004363
0.862391
-0.531103
0.850470
0.610280
-0.166282
0.154539
-1.167062
1.352988
0.719420
-0.169671
-0.703603
1.364900
1.172589
-0.049758
0.657211
-0.753490
0.187726
-0.426183
0.747158
-0.391990
-0.600140
0.236094
0.301855
-0.110409
0.753033
0.633498
1.079585
-0.424998
-0.498144
0.812755
-1.020070
-0.632683
0.124480
-0.905361
1.028891
0.354535
0.178422
1.116306
0.561434
0.294035
0.037701
0.157173
-0.462381
-0.125830
-0.888246
-0.964802
0.568464
-0.040070
-0.390674
0.502699
0.817465
0.207102
-0.635619
0.260362
-0.416931
1.534368
0.862802
-0.838902
-1.077496
-0.693522
0.962440
-0.412101
-0.542437
-0.107282
-0.571274
-0.384666
-0.829487
0.630845
-0.433833
0.572884
-0.955692
1.349365
-0.632447
0.216581
-0.503600
0.645808
0.369593
-0.633207
-0.935987
0.750710
0.152908
0.848617
-0.679327
0.874494
-0.116587
0.100707
0.458635
-0.482893
0.273843
-0.968913
-0.348248
0.280982
-1.224489
0.911454
0.487915
0.003621
-0.987186
0.286696
-0.231154
-0.293123
0.070354
0.176646
-0.823876
0.727299
-0.498236
-0.137673
-0.258640
0.116570
0.411564
-0.233236
0.051420
-0.549042
-0.398583
0.986708
-0.674284
0.671367
-0.121588
-0.863080
-0.997755
-0.724421
-0.983364
-0.580895
-0.351682
-0.248303
-0.571608
-0.240230
0.517616
-0.442081
-0.107109
-0.887894
0.371483
0.646941
0.072079
0.768819
0.341159
0.545859
-0.850026
-1.000355
-0.125482
0.387482
-0.179198
1.510620
-1.171158
0.345304
0.759767
-0.697527
-0.126851
-0.363293
-0.420534
0.082949
-0.474709
-0.542538
1.077854
1.024008
-0.053507
-0.562010
-0.370892
-0.555884
0.092409
0.142351
-0.547318
-0.586870
-0.221498
0.818334
-0.940682
-0.905472
0.117079
-0.309865
-0.933260
0.835185
-0.742646
-0.012239
1.016862
-0.757243
-0.462926
0.785677
-0.413366
0.102731
-0.535085
-0.370715
-0.869193
0.107816
0.316046
-0.760037
-0.145764
-0.358690
-0.350416
0.380838
-0.420125
4.530472
-0.525979
-0.040174
1.030753
0.197417
-0.352196
-0.991489
0.404062
0.724677
-0.294304
0.209874
0.264619
-0.115724
-0.934392
0.173579
0.271016
-0.537252
0.235493
0.723022
0.732435
0.147816
-0.290190
0.567282
-0.424543
-1.214625
0.732671
0.299688
-0.717024
-1.148408
0.007577
-0.162061
1.071607
0.190377
1.066198
0.596361
-0.579597
-0.557799
0.727849
0.636690
-0.707324
-0.636672
0.150414
0.765979
0.439667
0.148725
0.182156
-0.494397
0.564913
-0.785060
-0.277185
0.187022
0.766770
0.248021
-0.165311
-0.732129
0.442133
-0.436515
0.627258
0.779157
-0.243609
-0.598563
-0.540186
-0.327092
0.855840
-0.797330
-0.453398
-1.227970
-0.090704
-0.866494
0.708134
0.211371
-0.496240
-0.360483
0.075824
-0.747306
0.714176
-0.727113
0.149846
0.490716
-0.785505
0.323655
-1.307446
-0.511445
-1.196775
0.251782
-0.223781
1.521658
0.874368
-0.208192
0.456428
-0.265016
-0.431326
1.198518
0.572769
-0.712801
-0.704407
0.927254
-0.514500
0.123625
-1.319112
-1.411194
-0.997503
-0.354574
0.000711
0.028977
0.081089
-0.444194
1.007887
0.941316
1.511985
-0.559279
0.004659
-0.710757
-0.232508
0.729062
0.336510
0.226038
0.702624
0.058940
0.938033
0.135143
0.104378
-0.500606
-0.119024
0.575211
0.688177
-0.010511
1.287574
0.758751
-1.189092
0.760284
0.786029
-0.736218
-0.553354
-0.043206
0.464356
0.180020
0.340505
0.006538
0.564169
0.740323
-0.098316
-1.350475
0.650365
-1.353840
0.773711
0.222420
1.061351
0.506357
-0.108975
0.493024
-1.383239
0.620391
-0.714150
0.153835
0.186536
0.118405
-0.702636
-0.093723
-0.010622
-0.677619
-0.989067
-3.849198
-0.220941
-0.264846
-1.373091
-0.722333
-1.238823
0.383820
0.087480
0.325137
-0.368472
-0.514602
0.908150
-0.416736
-0.287799
-0.007180
1.565493
-0.794091
-1.016798
-0.371211
0.691098
-0.362519
0.900028
0.851466
1.536066
0.052175
0.483174
-1.084149
1.580614
-0.701015
-0.093673
-0.448595
-1.066846
0.396942
0.476090
-1.048121
1.370180
1.304044
0.090041
0.115666
0.456848
-0.334066
0.776623
-0.430231
-0.306739
-0.499966
0.921025
-1.102290
-0.476414
0.686198
-0.898122
-0.777364
-0.391355
-0.369677
-0.957484
-0.488257
0.336420
0.629237
-0.218929
1.258924
-0.649131
0.272944
-0.457015
-0.569344
-0.093734
1.299174
-1.193920
-0.678929
1.121722
0.787454
0.984432
0.130886
-0.942877
0.640208
0.822180
-0.653247
1.109764
0.430110
-0.607651
-0.439725
0.457641
0.273423
-0.487961
0.986830
0.869759
-0.199429
-0.481971
0.609847
-0.604475
0.312261
0.267388
-0.208961
-0.148741
0.491474
0.230647
0.875931
0.328711
0.705818
-0.290711
0.143705
0.634604
-0.376555
-0.718725
0.680550
-0.715408
-0.997068
-0.835337
-0.775654
0.419487
-0.262629
-0.284283
-0.192185
-0.987499
0.413588
-0.225000
0.915931
-0.817499
0.284221
0.522366
-0.388170
-0.377562
-0.215001
0.425349
0.481145
-0.737494
-0.362881
0.367382
0.607662
-0.611610
-0.909201
-0.245287
-0.940896
-0.287295
0.007732
0.751683
-0.009145
0.030276
0.951405
0.246031
-0.538725
-0.332085
0.957721
0.276358
-0.270973
0.381378
-0.915713
-0.372491
0.580018
0.351192
-0.833735
-0.813835
-0.987165
-0.037165
0.635120
0.492932
0.244862
-0.690358
-0.133150
-0.133229
-0.301681
-0.046275
0.604044
-0.214134
-1.912175
-0.338762
-0.485603
-0.324993
0.704705
-0.235093
0.918596
-1.249145
0.132625
0.862098
0.437149
0.878568
0.466918
0.462211
-0.428641
-0.005547
-0.127713
-0.460698
0.009332
-0.197146
0.004376
-0.291928
-1.083441
-0.430551
0.256994
0.286169
0.753375
0.960097
-0.591372
0.732589
-0.494908
1.343761
-0.920664
-0.262828
-0.003562
0.914882
0.171637
-0.036495
0.981319
-0.283361
-0.132910
0.992022
-0.668846
0.913847
0.023576
-0.085541
-0.237610
0.918081
1.469857
0.718322
-0.044648
0.496402
-0.518127
0.676356
-0.549201
0.034844
-0.387931
-0.715581
0.898506
0.102216
0.786920
0.530555
-0.219729
1.825481
-0.298759
0.648250
1.052557
-0.877924
0.901414
1.333629
0.253737
-0.837980
0.132567
0.272688
-0.569885
-2.027275
-0.353725
-0.052967
-1.309739
-1.402325
-1.398042
-0.520315
0.851033
0.104546
-0.854900
-0.685712
-0.425466
-0.326074
-0.427138
0.850388
0.508931
-0.623561
0.596777
-0.717377
-0.781601
-0.636164
0.713286
0.888017
-0.326429
0.704994
0.539422
0.600714
-0.809931
-0.267169
0.048252
-0.533144
-0.199420
0.619946
0.431735
-0.109732
-1.002633
-0.993505
0.802788
0.823014
0.165161
-1.003137
-0.854898
0.804308
-0.253412
-0.184745
0.569814
-0.675238
0.216248
0.171498
-0.374444
0.471950
0.622275
-0.615856
0.390119
-0.695647
-0.770004
-0.046369
0.879180
-0.521677
0.724664
-0.000483
0.030095
-0.371198
-0.312087
-0.612982
0.508615
-0.256824
-0.449869
0.379876
-0.347241
0.686983
0.362804
-0.141375
0.440540
-0.946177
0.687454
0.123015
-0.553994
-0.016149
-0.682996
0.112547
-0.550168
-0.940538
0.553809
0.858065
-0.693130
0.820754
-5.989936
-0.692832
-0.686127
-0.779027
0.381398
0.027241
0.302940
-1.319465
0.802337
-0.091581
0.022556
-0.433747
-0.908135
1.230065
-0.990261
0.851236
-0.403234
0.939409
0.669329
-0.745679
-0.066765
-0.767343
0.212761
0.275818
0.499389
0.728300
0.144708
0.009555
0.459683
0.747283
-0.121051
-0.275372
0.759395
0.497536
0.138274
0.447831
-0.954592
-0.636829
0.290665
-0.559610
0.335533
-0.732227
-0.337007
0.314393
0.655601
0.027560
0.058229
-0.689540
-0.447055
-0.152889
-0.410220
0.063841
0.107037
1.079112
-0.831748
-0.292864
0.503448
0.298312
0.622060
0.139460
-0.212677
-0.890011
0.618380
-0.240751
0.699241
-0.426050
0.763812
-0.600117
0.187068
-0.154127
-0.957701
-0.063518
0.270924
0.376660
-0.958967
0.663624
-0.904181
0.218213
0.479774
-0.672196
-1.179392
1.028009
0.464473
0.342771
0.546222
0.618515
0.694639
0.258709
-0.172525
0.237471
-0.608407
0.974345
0.464811
-1.267367
-0.241588
0.165240
-0.454014
1.066078
0.771343
-1.394065
-0.173612
1.413180
-0.493929
-0.735583
0.595093
-0.500801
0.309449
-0.189822
0.724634
-1.077959
1.449612
0.801416
0.405260
0.089227
0.344663
-0.570140
-0.289490
-0.163878
0.176120
0.724054
1.319846
-1.507434
0.150114
0.955258
-1.607502
0.328343
0.014109
-0.288552
0.594712
-1.032365
0.139395
-0.384700
-0.990457
0.313017
-0.428144
0.264497
1.596878
-0.641890
-0.403964
0.717793
-0.202617
-0.613961
0.992513
0.526376
0.893572
-0.959997
0.854676
-1.244963
0.367024
0.431724
-1.391025
-0.041501
1.104109
0.533964
-0.407241
0.726916
0.515580
0.454631
-0.448510
-0.332081
0.398241
0.721831
0.372395
0.454102
-0.819903
-0.721969
-0.280974
-0.209494
-0.589573
0.724929
-0.876151
0.281131
0.695014
0.889983
-0.291980
0.601062
0.682411
-0.109626
0.790013
-0.734922
-0.818214
0.885151
-1.011061
0.917299
0.721929
-0.033596
0.888781
-0.445122
-0.512054
-1.027722
-0.102583
0.693355
0.298196
-0.037667
0.163902
1.548098
-0.463888
1.022405
-0.499907
0.125444
0.251449
0.118304
-0.618845
-0.701006
-1.103320
0.357526
-1.160333
-0.515225
-1.251018
0.878368
0.777086
-0.122836
0.836220
0.503912
-0.326384
-0.704230
-0.585436
-0.505063
0.793147
-0.302168
-0.900948
0.298971
-0.702443
0.324249
0.824398
0.943000
1.205534
-0.677966
0.755996
1.078874
-0.696413
-0.723993
-0.757903
1.059100
0.675312
-0.144998
-0.133263
1.094340
-0.309628
0.822477
0.774385
-1.177609
0.896986
-1.724692
0.547273
-0.437245
-0.335482
0.988845
-0.201708
-0.602482
-0.257406
0.101765
0.447452
0.138525
-0.255871
0.286361
-0.256774
-0.681372
-0.850974
-0.750287
-0.674949
-0.526497
0.047679
-0.143130
0.583055
-0.300989
0.506696
-0.666574
-0.318245
-0.749949
0.449904
-0.517547
-0.768943
0.382989
0.967979
0.827864
0.872965
-0.316430
0.774961
-0.327496
-0.065948
-0.532480
0.816772
-0.678766
0.601787
-0.443182
0.579782
-0.729265
-0.240991
0.627342
-0.533003
0.040916
0.978134
0.489788
0.873286
0.491475
-0.836578
0.324228
0.768192
-0.280402
0.518990
0.250620
0.156117
0.701284
-0.469024
0.100377
0.422352
-0.601970
0.745495
0.226119
0.076467
-0.279822
0.643009
-0.203048
0.008837
0.131927
0.321188
-0.474783
0.405824
1.017349
-0.867594
0.847798
0.070294
-0.940646
6.755163
-0.198523
0.980887
0.771148
-0.947898
0.339796
-0.957786
0.773262
-0.557687
0.169593
0.191785
0.228204
-1.401719
-0.524611
0.311875
0.871079
0.743584
-1.122015
-0.294956
0.463656
0.766106
0.585905
-0.897766
-1.151306
-0.995202
0.807040
-0.571749
-0.946363
0.176831
-0.109353
-0.880678
-0.587276
-0.943336
0.895680
-0.512176
-0.681055
-0.331827
-0.369631
0.699278
0.438838
0.446411
-0.155135
-0.430757
0.638403
0.129078
0.819315
0.678915
0.080014
0.786469
-0.694197
-0.542954
-0.058500
0.907899
-0.395272
0.252820
1.638272
-0.458975
0.576668
-1.349406
-1.079766
0.066298
-0.835717
0.116573
0.293581
1.201076
0.795377
0.169221
-0.098772
0.560575
0.232651
-1.029760
0.349942
0.706298
-0.596835
-0.168708
0.622580
0.875750
-0.428490
-0.813471
0.767617
-0.389383
0.054809
-0.243761
-0.258902
0.297815
-0.983556
-0.229432
0.859339
0.589444
-0.160914
-0.910152
-0.565272
0.042297
0.251140
0.421597
-0.132610
-0.343002
-0.325060
0.644931
-0.814477
0.524193
0.673372
0.242897
0.250715
-0.913358
-0.941183
-0.740611
-1.001799
-0.383341
-0.609991
0.795094
0.389620
0.047259
-0.470298
-0.777942
-0.731518
-0.449179
-0.031254
-0.764933
-0.820448
0.833050
-0.634113
-0.364220
-0.152690
0.644496
-0.804164
0.829257
-0.773868
-0.109612
0.458509
-0.523356
-0.603929
0.110798
0.809453
0.634529
0.187269
0.925930
-0.985895
0.195638
-0.553479
-0.567794
0.078852
0.923407
0.472123
0.614546
-0.857756
0.732548
-0.787529
0.091319
0.964397
-0.608739
-0.022709
-0.688568
0.096209
0.854549
-1.016948
0.254907
0.623942
-0.737202
-0.892749
0.110084
-0.263635
-5.088976
-0.668401
-0.209205
-0.850867
0.561088
-0.650521
-0.696844
0.011282
-0.047266
-0.185431
0.862865
0.163670
-0.704689
0.422414
0.171115
-0.542731
0.906510
-0.176897
-0.872690
-0.833324
0.597436
-0.600328
0.205413
-0.496196
-0.767206
-0.383520
-0.107882
-0.368520
-0.028659
-1.007640
0.411937
0.415294
-0.636990
1.559347
0.402197
0.801471
-1.388089
1.312168
-0.238645
-0.006382
0.114176
-0.361772
-0.656180
-0.183244
-0.768924
0.217916
0.137612
-0.946881
1.048400
0.030586
-0.799293
-0.176797
0.400365
0.663372
0.965863
0.521531
-0.836617
-0.171803
-0.647662
0.193467
-0.195975
1.022314
-0.684907
0.631070
1.151305
1.290692
0.261648
-0.946429
0.848131
0.699592
0.441849
-0.514184
-0.451559
0.753029
0.554918
-0.409316
0.168130
-0.593585
-0.192626
-0.593426
-0.010582
-0.228214
0.581402
-0.162583
-0.258879
0.545224
-0.725952
-0.016337
-0.143505
0.183107
0.941390
0.519916
0.400310
-0.506599
-0.184499
-0.339740
-0.475154
0.286887
-0.423153
-0.914112
0.546377
-1.077322
-0.402503
1.139423
-0.562826
-0.877037
-0.255127
1.267165
-0.671455
0.485617
-1.063638
-0.947349
-0.600452
-0.853465
-0.058699
0.821471
0.495043
0.606902
-0.374080
-0.971361
0.011825
-0.784800
0.546934
0.745826
0.114142
1.589482
-0.092898
0.020766
0.217027
-1.031776
0.235514
-0.336449
-0.247612
0.823757
0.036035
0.349810
1.489420
0.435145
0.132579
-0.537612
-0.057451
0.867165
-0.575884
0.773191
0.604086
0.658566
0.178363
0.578683
0.460484
0.858142
0.451743
-1.612628
-0.634323
-0.189084
-0.803768
0.233618
0.045435
-0.115505
-0.533184
0.794324
0.077334
0.287005
-1.976019
0.736335
0.276351
0.010273
0.104628
-0.420462
-0.605035
-1.101994
0.607448
0.429518
1.066102
-0.869940
-0.209561
0.752120
0.401334
-0.584177
0.190248
-0.202654
-0.474294
-0.160453
-0.075605
-0.326022
0.798825
0.596307
0.931124
-0.855938
-0.939389
-0.845876
0.869832
-0.249894
0.537466
-0.796739
-0.174477
-0.376547
0.420787
1.013666
1.216612
0.746569
-0.818355
0.418564
0.272835
-0.902849
0.488789
-0.277368
-1.055362
0.512889
-0.231098
0.338747
-0.309739
0.111555
-0.623197
0.517512
-0.952259
0.731534
-0.303889
1.337851
-0.869470
-0.176577
-1.211422
-1.091633
0.983937
0.543620
-0.707509
-0.562898
-0.637432
0.133111
-0.396641
-0.573428
0.376653
0.105817
1.071558
-0.192459
0.214948
0.532269
-0.030305
0.500440
-0.023649
-1.107867
-0.479994
0.515973
0.562726
-3.858293
0.040844
0.586343
-1.156944
0.775080
0.362018
-0.153867
-0.319832
0.424158
-0.161633
-0.415959
0.066602
0.481193
0.748011
1.123865
-0.631633
-0.964913
1.209669
-1.201139
0.439116
0.714956
-0.290300
-0.790811
0.413589
0.625975
0.495139
-0.524830
0.463119
-1.446145
1.047646
0.078174
0.227771
-0.074697
-0.461717
0.530026
-0.461185
0.742395
-0.808333
0.302863
0.454675
-0.539253
1.478762
-0.383123
-0.830470
0.347378
1.240056
0.009525
0.281522
0.834576
-0.036014
-0.811357
0.587524
0.869973
-0.475480
-0.033713
0.820166
-0.776588
0.379756
0.114899
-1.560225
0.090762
-0.091289
-0.057362
-0.959569
-0.026105
-0.794655
-0.226397
-0.249216
-0.052313
-0.736259
0.882075
-1.009778
-0.891476
0.977262
-0.523624
0.887723
0.891201
1.191407
-0.202827
0.746009
-0.367763
2.029343
0.142449
-1.000347
0.966849
-0.913812
-1.049977
0.589860
0.522175
0.439580
0.671442
-0.377668
0.662462
-0.826675
-0.426563
-0.675121
0.056735
0.599121
-0.225691
-1.039897
1.419852
0.307697
-0.779481
-0.601363
-0.642765
-0.929974
0.424087
-0.640327
-1.263388
-1.317166
-1.729692
0.012497
-0.147989
0.259054
0.982156
-0.036154
0.004630
1.244347
-0.562519
-0.232157
1.006792
1.024679
0.643113
-0.064781
-0.822255
-0.540944
0.450658
1.285508
-0.926850
-0.418388
0.412293
-1.035836
0.332090
0.897407
-0.471366
-0.939004
-0.281863
0.671276
-0.395202
0.087993
0.995724
-0.151490
1.276011
-0.408092
-1.118705
0.244938
0.395814
1.132317
0.858682
0.306159
-1.195287
-0.423378
0.181737
0.693024
0.672597
0.866079
-0.993745
0.177926
0.397733
-1.126800
1.580555
-0.107703
0.038587
-0.048489
-0.187823
-0.750377
0.010205
0.434011
0.784400
0.659479
-0.710661
0.347841
-0.631053
-0.828341
0.902561
-0.621254
0.679701
0.121244
0.773059
-0.001164
-0.545223
0.957425
0.467964
0.642796
0.627901
-0.020654
0.268152
0.670082
0.995562
-0.480227
0.751281
0.627887
0.492720
0.891632
-0.408883
-0.655500
-0.884612
0.554116
0.709522
0.826186
0.179385
1.024754
0.150972
0.533860
-0.799818
0.093727
0.873018
0.828709
-0.828343
0.626017
-0.218485
-0.424118
0.587140
-0.759440
-0.835461
0.173656
0.187420
0.461277
-0.180785
0.167331
0.949696
-0.406347
-0.228387
0.410139
-0.597146
0.303432
0.714054
-0.482928
-0.144894
0.390911
-0.622143
-0.956517
0.393926
0.536701
0.527381
0.559542
-0.417607
0.444482
0.378128
-0.280444
0.036532
-0.844388
0.257530
2.043431
-0.670300
0.398904
0.797840
0.480572
-0.181797
-0.358764
-0.350434
-0.243303
0.183914
0.357108
-0.848076
0.576922
-0.336692
0.868677
-0.921062
0.507514
0.267961
-0.581220
0.528024
-0.375819
0.889972
0.010761
-0.808569
-0.549150
-0.540653
0.529697
0.094654
0.471202
0.653840
-0.627954
-0.917548
1.008169
0.718833
0.813360
0.481859
-0.459314
-0.600917
-0.928392
0.325259
0.543612
0.392251
0.478057
0.118604
-0.974248
0.274798
0.114680
0.487170
-0.504772
0.499612
0.011555
0.144787
0.326150
0.968271
0.285237
0.736402
-0.606088
-0.211405
-0.140669
0.822679
-0.616177
0.136525
0.844451
-0.638064
-0.144010
0.674143
0.759665
0.440512
-0.901442
0.837348
-0.309665
0.591290
0.204544
-0.824526
-0.319222
0.255325
0.402842
0.792071
-0.268502
0.931783
0.242696
3.664560
-0.020490
-0.230398
1.062147
-0.782329
-1.381375
-1.027757
-0.585360
0.087359
0.815912
0.754734
-1.039547
0.162678
0.991156
-0.599478
0.275029
0.368239
-0.697829
0.546748
-0.156937
0.052130
-0.088267
-0.517363
0.947995
0.514822
0.619373
0.123651
0.484946
-0.920240
-0.786506
-0.471106
-0.884313
0.545571
-0.283676
1.105637
0.981867
0.551372
0.976816
-0.239640
-0.483004
0.569374
-1.146575
-0.475663
0.543966
0.770578
1.141456
-0.663109
0.159235
-0.503954
0.661334
-0.753368
0.372528
-0.200925
-0.421162
-0.350772
-0.584419
-0.605070
0.337064
0.723915
-0.577133
1.272775
-1.531736
-0.143428
0.825329
0.232549
-0.580931
0.291883
-0.357403
-0.817876
-1.257724
0.387740
0.944832
-0.856007
0.763943
-0.092700
1.394335
0.743307
0.948709
0.039355
-0.876840
0.439469
-2.265430
0.440019
1.619109
-1.313547
-0.875803
-0.093514
-0.301698
0.135644
-0.856690
0.515685
0.149790
-0.137532
-0.911095
0.362781
1.053887
-0.087839
-0.642168
-0.939154
0.199528
-0.468876
0.540925
-0.184656
-0.542713
1.151868
0.856371
-0.690550
1.038293
0.145121
0.281671
1.066291
-0.790469
-0.492974
0.052407
-0.936361
0.004503
0.490731
-0.622058
1.167158
-0.256925
-0.321370
0.509903
-1.230401
-0.018456
0.888657
-0.343234
0.665327
-0.555614
0.301967
1.038481
0.781771
0.728433
0.606989
-0.378580
-1.032602
0.534779
-1.099028
-0.674216
0.207521
0.450587
1.210095
-0.007117
0.896074
-0.452314
-1.383389
2.088611
0.884620
0.767088
-0.863965
0.371525
-0.816032
0.213119
-0.058258
-0.846719
-0.491029
-0.793500
0.145949
0.338101
-0.569169
-0.112273
0.307689
-0.510261
-1.204769
-0.336673
0.745369
-1.604429
-0.782094
1.053507
-0.597057
0.255687
0.272679
-0.798392
-0.615161
-0.194320
0.225940
-0.495313
-0.106173
-0.464967
0.835381
0.260769
0.601308
0.598772
-0.518809
-0.568931
1.017878
-0.352960
-0.250280
0.141570
1.082411
-1.090729
1.092131
-0.179032
-0.015293
0.571284
0.489111
-0.609847
0.950837
0.224639
-0.548975
-0.739423
0.189029
0.363853
-0.782525
0.504359
-0.497512
0.279410
-0.932231
0.752736
0.588188
0.795526
-0.500171
-0.055444
0.170220
-0.357305
0.440777
1.244401
0.187166
-0.717547
-0.374437
0.043189
-0.891771
-0.459746
1.260646
0.400459
-0.970869
0.285723
1.577593
0.835583
-0.002666
-1.034188
0.991892
-0.868891
-0.664059
-0.993509
-0.984978
-0.251024
0.221815
-1.573423
-0.701954
-0.009921
1.248876
-0.411558
0.259900
-1.760873
0.311829
0.082194
-0.040991
-0.492618
0.419527
0.624030
0.579080
0.775295
0.937018
0.580608
0.157777
0.886457
0.062779
0.137180
0.721837
-0.683317
0.570852
0.766833
-0.243041
0.847684
-0.911385
-0.251725
-0.260881
0.399669
-0.189393
-0.067272
-0.928000
-0.367383
0.587827
0.721863
0.994329
-0.097012
-0.254457
-0.072423
0.404055
-0.769166
-0.514270
-0.040506
0.931032
-0.583703
-0.503936
0.112757
-0.659956
0.513765
-0.789801
-0.919097
0.812510
0.752390
0.808386
-0.429298
0.558988
0.841620
0.249441
-0.752455
0.283112
-0.947214
0.159929
0.281381
-0.333512
-0.271227
-0.005380
-0.364406
0.558016
0.727199
0.522919
-0.039331
0.922240
-0.940250
0.973160
0.824862
-0.508462
-0.595931
-0.081995
-0.212413
0.991461
0.067666
-0.187589
0.749556
-0.176846
-0.390561
3.475496
-0.663020
-0.924810
0.872239
-0.446849
0.765296
0.575384
0.812300
-0.052686
-0.746511
-0.661559
0.838867
0.007705
0.652865
0.850864
-0.505398
-0.171659
0.007933
-0.644689
-0.187346
0.379847
-0.122206
0.332721
-0.880865
0.567322
0.057078
0.236907
-0.591713
-0.611623
-0.836637
0.035733
0.017570
-0.740474
0.296500
-0.625029
-0.134422
0.319100
-1.267120
-0.431086
-0.766327
-0.541598
0.139415
-0.983736
0.398973
-0.343947
0.851264
0.811161
0.681906
0.118245
-0.685653
-0.684101
-0.564382
0.193609
1.166580
-0.375557
-0.211251
-0.311662
0.864143
-0.396687
0.509562
1.231505
-1.057829
-0.326734
-0.952774
0.891560
0.150806
0.386664
-0.710725
0.549400
1.029660
0.125092
-1.323676
-0.271120
0.163264
0.381562
0.973533
-0.118158
0.848495
0.380653
-1.346740
1.358055
-2.806880
-0.526755
-0.202782
0.538345
0.126272
0.738226
0.921236
0.416317
0.043481
0.471320
-0.463797
0.457309
-0.892560
0.204649
0.096269
1.041048
-0.353241
-0.602074
0.082914
-0.629888
0.649371
0.268871
-0.116631
-0.275396
0.232534
-0.417694
-0.021834
-0.801956
0.504522
1.060880
0.929204
0.686336
-0.894771
-0.035331
-0.452293
-0.167405
-0.805884
-0.370117
-0.815590
0.840144
-0.946702
-0.030335
0.156366
-0.792218
-1.233200
-0.774084
0.684972
0.013467
-0.550225
-0.431085
0.601210
-0.849246
-0.962387
-0.498403
-0.138648
-0.354810
0.005706
-0.588479
0.161012
-0.259530
0.888514
0.028316
-0.792517
-0.849504
1.134977
-0.079566
0.094111
-0.850472
0.496798
0.861405
-1.008331
0.831393
-0.520087
0.042501
0.611833
-0.521762
0.323158
0.044124
0.949084
0.788338
1.081659
0.249240
-0.855853
-1.082706
1.113785
0.010387
-0.402149
-0.319610
0.509191
-0.972290
0.452867
0.476311
0.499778
0.472210
0.410584
0.240834
-0.204075
-0.468342
0.319474
1.105961
1.194487
-0.032144
0.311248
-0.426423
-0.555652
0.057076
0.279418
1.041166
-0.438141
0.703738
1.006167
-0.899307
-1.062235
0.747403
-1.367396
-1.202980
0.610147
0.112135
-0.121496
-0.661591
0.291107
0.150902
0.838676
-1.171831
-0.509464
1.316305
0.050276
-0.070286
0.817184
-0.257124
-0.069401
0.485354
0.871876
-0.854259
-0.886467
-0.696577
0.096352
0.388217
-0.930207
0.654845
-0.908192
0.898357
0.175706
0.281849
0.575798
0.507638
0.240961
-0.121280
-0.379063
-0.646741
-0.674949
0.649350
-0.032872
-0.244623
0.873008
0.175372
1.665467
-0.000547
-1.378229
0.929030
0.821306
0.146665
-3.931422
0.576010
0.156499
1.014893
0.930749
-0.797422
0.165323
-0.911416
0.312602
0.928579
0.982915
-0.236779
0.059238
0.605201
-0.614713
-0.231578
-0.668911
-0.386592
0.285396
0.246373
0.401195
-0.752911
-1.106115
-0.364037
0.578519
-0.918926
0.972736
0.653668
1.277385
1.027685
-0.554716
-0.088696
-0.071940
-0.135970
0.146087
0.187671
0.625241
-1.108304
0.081870
0.308183
-1.064660
0.549280
0.441270
0.569804
-0.622752
1.508321
-0.892414
0.147166
-0.015072
0.492845
-0.647179
0.563950
0.483679
-0.201125
-0.723571
0.532055
-0.348660
-0.856238
-0.661839
-0.940222
0.804417
-0.354984
0.940644
-0.010579
-0.177001
-0.080954
1.047010
0.846513
-0.031237
-0.404156
0.287422
0.041132
0.914755
-1.005105
-0.527551
-0.756683
-0.940682
-0.233217
1.082536
-0.365648
0.825791
0.384334
-0.440886
0.568985
0.206558
-0.163816
-0.129679
0.842472
0.134227
-0.226096
-0.561949
-0.366672
0.720193
-0.805778
0.470148
-0.813974
0.835880
0.176074
-1.004703
-0.320758
-1.124464
-0.287461
0.721165
0.964727
0.801132
-0.508506
-0.352033
1.070429
-0.515131
-1.468572
-0.282082
-0.430714
-0.370054
0.191586
0.940256
1.022319
1.109943
-0.761598
1.059454
-0.026370
-0.587683
-1.260981
0.891379
-0.425946
-1.135637
0.121627
-0.154984
1.061798
-0.879716
-0.087905
-0.905920
-0.927258
0.999947
0.970652
-0.629468
0.348828
-0.503088
-0.253913
-0.090529
-0.284778
0.613066
0.611360
0.492113
0.991886
-0.289023
-0.113283
1.408083
-0.338248
0.378623
0.648802
0.923450
-1.379014
0.680093
0.053670
-0.280640
-0.767698
-0.576955
0.573754
-1.357731
-0.669722
-0.594268
-0.581430
0.995261
-0.583625
-0.862344
-0.760334
0.737905
-0.739817
0.137601
-0.998403
0.466132
-0.722484
-0.896792
0.510003
-1.093073
-0.574567
-0.451336
-0.203875
0.010966
0.576771
1.082972
-0.357892
0.832270
0.478378
0.930527
-0.859161
0.910866
0.827745
1.520702
1.126553
-0.859840
-0.597205
-0.983909
-0.684093
-0.368852
-1.504294
0.011757
0.092182
0.265438
1.006517
0.105717
-0.597205
-0.299264
0.437883
0.436958
-0.598098
0.981147
0.620194
-0.127124
0.030931
1.299540
-0.332247
0.500519
0.057460
-0.917569
0.662575
0.509611
0.753233
0.349889
0.436560
0.362430
0.316892
1.097882
0.761328
0.721867
-0.992107
1.352214
-0.185326
0.350057
-0.491546
-0.690539
-0.837533
-0.672081
0.073666
0.469956
-0.921705
0.319878
0.668254
0.899304
-1.053330
-0.863904
0.143084
0.085726
-2.006408
-0.820152
0.020500
0.994239
0.712313
-0.464947
-0.104604
0.061116
-0.788153
-0.728677
0.092765
0.793440
0.722490
0.099567
0.677635
-0.643729
-0.389001
-0.496233
-0.026660
-0.064394
0.602088
0.786665
-0.665146
0.537188
0.165458
0.716937
0.353224
0.642602
-0.918566
-1.084748
-0.930168
-0.952767
-0.409698
-0.334992
0.950955
-0.836431
0.758462
-0.122766
0.473821
0.774576
-0.060138
-0.373576
0.939893
0.130210
0.878409
0.331100
0.501616
-0.348341
1.041380
-0.693823
0.444860
-0.089278
-0.733766
0.832284
-0.584594
0.538916
0.733461
0.733629
-0.376010
0.859588
-0.781542
-0.158900
0.970661
-0.503562
0.911162
0.772832
0.103625
-0.039490
-0.574435
-0.005123
0.157024
0.821047
0.004038
-0.483665
-0.718714
0.288771
0.987157
1.240968
0.777900
0.672175
-0.724636
-1.998999
-0.485269
-0.871514
-0.542161
-0.045268
1.181270
-0.132013
-0.411828
-0.337789
-0.282201
0.112667
0.493954
-0.220944
1.066456
0.180875
-1.792545
-0.165538
-0.369532
-0.114050
0.354277
1.594866
-0.860467
-0.863359
-0.371218
-0.902928
0.295818
-0.857486
-1.083816
-0.877245
-0.877118
-0.613962
-0.868591
-0.490204
0.552140
0.645018
0.194593
-0.104296
-1.427079
-0.738967
0.729762
-0.558963
0.288839
0.064253
0.030794
-0.170894
-0.469133
1.208388
0.501950
-0.987750
-1.096659
-0.233771
-0.364595
-0.621943
0.686534
0.116619
0.320378
-0.562482
0.570503
0.180835
-0.455310
0.671812
0.668619
0.298884
-0.417957
-1.097197
-0.677851
1.225945
0.499745
-0.597733
0.934206
-0.605038
0.392408
-0.018617
0.257370
-0.270576
0.519226
0.322915
1.513256
-0.078150
-1.383824
-0.968392
3.504861
-0.360771
-0.215283
0.571700
0.709212
0.470666
0.460613
0.183630
-0.634419
-0.285456
-0.012096
0.957952
-1.423513
-0.197103
0.853793
-0.473087
-0.324471
-0.506908
0.553887
-0.323045
-0.565410
-0.765369
0.479955
0.841939
-0.496815
0.198790
-0.806897
-0.061122
-0.589380
0.128379
-0.166998
-0.344124
0.730405
0.784898
0.953725
0.342471
0.244179
-0.171038
-0.371583
0.272530
1.143616
0.749193
0.241403
1.133035
-0.653517
-0.699293
-0.536131
0.060839
1.042283
-0.046280
0.881468
0.922053
0.744350
0.105678
0.684629
-0.788893
-0.609305
-0.327335
-0.143157
-0.242968
1.086053
1.051316
0.254088
0.179323
0.885774
-0.579409
-0.764292
-1.216353
-0.845697
0.704765
1.203251
1.312423
-0.123072
-0.376657
0.778467
0.811171
0.284392
-1.583359
-0.734959
-0.986669
0.956592
-3.087271
-0.638791
0.336404
-0.000997
-0.926865
0.703852
0.298004
-0.226346
-0.208923
-0.944519
-0.551456
-0.299183
0.301032
0.854363
-0.921328
-0.747529
-0.375527
-0.611185
-0.752323
-0.895715
0.923310
-0.922816
-0.070504
-0.539975
0.803588
-0.781889
0.619840
0.955159
-0.394109
-0.987614
0.506508
-0.401985
-0.633801
-0.117869
0.608677
-0.526627
-0.382941
0.002257
0.236512
0.373343
0.082646
0.721434
-0.942033
-0.574056
0.621953
-0.802810
-0.354429
-0.730413
-0.389366
-0.090754
-0.694083
-0.488268
0.030994
0.252409
-0.032210
-0.119857
0.529056
-0.397635
-0.236656
-0.809025
-0.317577
-0.624593
-0.210228
0.041151
0.250009
-0.603297
0.529757
0.818261
0.408738
-0.224300
0.266528
-0.515338
-0.446384
0.332672
-0.084761
-0.837467
0.552834
0.618572
-0.569190
-0.859456
-0.480851
-2.159640
-0.301659
0.475497
-1.199728
0.707056
-0.936017
0.622027
-1.471850
0.240929
0.775334
-0.132348
0.272841
-0.515139
-0.797624
-0.496046
-0.548927
0.773553
-0.623146
-0.487854
-0.489936
-1.301290
-0.016700
0.037883
-0.175874
0.483264
0.290261
-0.006907
0.559579
1.230450
-0.007262
-0.957755
-0.226452
0.789890
0.622098
-1.045746
0.443072
1.047514
-0.885501
0.852811
-0.317884
1.167038
0.051182
-0.430040
-0.651542
-0.249908
1.244158
0.908904
-0.224176
-0.806907
0.968226
0.578118
-0.482304
-0.190679
-1.047629
0.879875
-0.381751
0.690922
-0.167139
-0.673051
0.537296
0.879177
-1.443234
0.781895
0.403351
0.859206
-0.856001
-0.096542
1.526912
-0.614134
0.255721
0.305279
-0.922343
-0.922439
0.915692
-0.427384
0.332194
0.596083
-1.242802
1.112427
-1.275524
-1.620958
2.314264
-0.440696
-0.147425
0.556681
-0.589189
0.447267
0.221868
0.144540
0.733631
-0.451069
0.090329
0.943606
-0.652848
-0.204062
0.653427
-0.364052
-0.987367
0.427959
0.047800
0.170422
-0.648234
0.308211
0.240635
-0.771420
-0.993490
-0.625376
0.905113
-0.769501
-0.687383
0.908275
-0.796529
0.516138
-0.510827
0.054455
0.163214
-0.043777
-0.364212
-0.499239
-0.855831
-0.662318
0.046502
0.262252
-0.775607
0.383583
-0.917724
0.950788
-0.925883
-0.863226
0.409089
0.100793
0.293896
0.804519
-0.523115
-0.382198
-0.908383
-0.473409
0.009339
-1.015782
-0.280119
0.339520
1.019082
-0.004069
-0.079994
-0.490789
-0.926764
-0.887334
0.427800
-0.303864
-0.490865
0.579168
0.052470
0.532267
-0.123433
0.333530
-0.037176
-0.057385
0.324033
0.002480
0.080064
-0.271722
-0.820168
-2.802916
-0.402600
-0.178246
0.031859
-0.273697
-0.060297
-0.942722
-0.036121
0.974694
0.377009
-0.166042
0.140334
-0.609193
0.068131
0.081775
-0.705174
-0.377370
0.857359
0.068816
-0.620183
-0.296561
-0.425897
0.262636
-0.805253
0.384803
-0.796683
0.661670
-0.408874
0.410960
-0.914243
-0.167099
0.585955
-0.108550
0.871283
-0.385509
0.547167
-0.508396
-0.010294
-0.656548
-0.609421
-0.813035
-0.001060
0.626533
-0.499274
-0.136808
-0.449143
0.044988
0.125833
-0.671876
1.072612
0.607984
0.284270
-0.513157
-0.405737
0.475246
-0.555677
-0.077883
0.006175
-0.179688
-0.703393
0.257916
0.396906
0.922870
-0.883640
-0.237480
-0.205062
0.789221
0.816994
0.441964
-1.075031
-0.833641
0.348360
0.259796
-0.944268
-0.910444
0.662591
-0.345822
-0.254465
-0.197853
0.287333
-0.263331
0.318656
-0.594392
0.255926
0.428607
0.864358
0.166862
0.953239
-0.344820
-0.850497
-0.828307
-0.706263
0.437088
-0.918430
-1.007196
-0.776933
0.064720
-0.856992
-0.824742
-0.666175
-0.767974
-0.346532
0.791272
0.635607
-0.594866
0.858788
0.144944
0.540737
-0.445588
0.824543
-1.039657
0.844196
-0.734883
0.010890
0.348882
0.300415
-0.182556
-0.506044
0.194697
0.724812
-0.359701
0.348133
0.641239
-0.671799
0.522782
-0.910022
0.082137
-1.135821
-0.697146
0.860404
-1.200316
-0.431434
-0.743567
0.953488
-0.838136
-0.007480
0.395113
0.147303
-0.561263
-0.418259
0.036337
-0.023425
-0.808217
0.158004
1.286698
0.783622
-0.650333
-0.419475
-0.966747
0.371680
0.033308
0.525688
-0.601454
-0.510729
0.844268
0.894111
-0.368561
0.066817
0.794901
0.160196
-0.477278
-0.734398
0.750518
-0.223254
-1.209477
1.156428
0.741832
1.213635
-0.273169
-0.706058
-0.401922
0.668203
0.110336
-0.054220
-0.391986
-0.119778
-0.153453
0.798431
0.788119
0.448544
-0.011755
-0.663762
-0.383313
0.143504
-0.011093
-0.542430
-0.109808
0.693445
0.753966
-0.327305
-1.061704
-1.010816
-0.041283
-0.903696
0.020455
0.148229
0.934639
0.045389
0.073536
-0.000733
-0.078140
0.528578
-1.229388
-0.775709
-0.512313
0.853573
-0.101604
0.941328
-0.827238
0.163374
0.212100
0.592597
0.555073
0.933319
-0.649076
-1.004671
-0.374691
0.840687
-0.687901
-0.647525
-1.364271
0.365729
-0.387071
0.329382
0.453629
1.253124
-0.664644
0.489825
-0.756885
0.007228
0.978524
0.710511
-0.618909
-0.795180
0.506864
0.216710
0.722032
-0.225320
-0.105040
-0.472306
1.299070
-1.051082
0.960176
-1.577934
-0.908788
1.664589
-1.041135
-0.253930
0.651423
-0.206068
0.301705
0.467929
0.974652
0.830812
-0.155498
0.019577
0.729872
0.278739
-0.699220
0.981782
-1.155457
-0.301437
0.768977
-0.706197
0.082022
-0.470521
-0.838848
-0.048521
0.537750
-0.290361
0.259636
0.241622
0.720587
-0.383706
0.066157
0.522039
-0.804634
0.865676
-1.110137
0.469902
-0.868861
0.364649
-0.027731
-0.628318
-0.065841
1.124220
0.555966
-0.628904
-0.533969
-1.076756
-0.542574
-0.115066
0.465801
0.913208
0.876815
-0.797503
0.391979
-0.895354
0.246249
-0.828514
0.342441
-1.252118
0.849056
-0.312567
0.721911
-0.264538
-1.636381
0.614487
-0.994907
-0.892881
0.537453
-0.546015
1.203007
-0.632855
-0.817916
-0.171018
1.045628
-0.909794
0.504430
-0.242720
-0.528572
0.629388
0.169618
0.342088
-0.249431
0.657340
0.904561
-0.730779
0.767261
-0.043720
-0.521892
0.115092
0.141624
-0.875432
0.971871
1.005303
-0.110607
-0.983021
0.116324
0.098368
-0.382099
-0.950921
0.435011
-0.695272
-0.813169
0.991727
0.106612
-1.044077
-0.642183
-0.544343
-0.229096
-0.115016
-0.590168
-0.384526
-0.415320
0.990307
-0.709534
-0.529433
-0.851074
-1.137906
0.466166
-0.463707
0.145152
-0.262978
-0.355303
0.118240
-0.363766
0.631241
0.258916
0.707179
-0.370879
0.599138
0.736006
1.149995
0.888617
0.995862
0.903601
-0.044268
-0.975369
-0.947133
0.330524
-0.175797
-0.113063
0.518560
0.371830
0.502107
0.515300
0.700355
-0.873454
0.682542
0.672519
0.479991
-0.703371
-0.198615
-0.879517
0.062114
0.820792
-0.195266
-0.424129
-0.011364
-0.474734
0.196199
-0.385464
-0.682430
0.160761
2.353837
-0.656559
0.109256
0.300948
-0.652367
0.058983
-0.375199
0.460800
-0.905485
-0.757638
-0.404051
1.081013
0.668716
-0.853234
1.116462
0.738662
0.628320
0.514499
0.883424
-0.302717
0.316878
-0.342874
-0.694112
-1.168921
0.272886
0.137439
0.045699
-0.815577
1.503612
-0.405701
0.392778
-1.309247
0.336552
-0.748425
0.348618
1.333107
0.526020
-0.716558
-0.137151
1.181897
-0.675331
-0.104325
0.453850
-0.591498
0.597173
0.039139
0.787204
0.089656
-0.396401
1.291582
0.650482
0.431259
-0.557102
0.756000
0.571179
1.042409
-0.109874
-0.763167
-1.473938
0.084693
0.236761
0.663904
0.037175
-0.414839
-0.786117
-0.618950
-0.356063
0.482348
-0.217053
0.014089
-0.434220
0.626949
-0.326993
-0.236016
0.812531
-0.768512
0.693399
0.560226
0.023530
1.085790
0.290082
-6.905279
0.433938
0.964163
-0.505191
0.081070
0.712379
0.526474
0.368318
0.852298
-0.633790
-0.259915
0.436071
0.416483
0.436524
0.495803
-0.999921
0.900708
0.244974
-0.213025
0.213928
-0.269953
-0.800351
0.940825
0.517801
-0.975497
-1.041967
0.288532
0.833478
0.139103
0.264648
0.327051
0.865148
-0.356295
0.360471
-0.580793
0.729739
0.095199
-0.990983
0.165072
-0.071424
-0.579835
0.929641
-0.631068
0.835731
0.410020
0.963317
0.875837
0.370561
0.240265
-0.245955
-0.394390
-1.059792
0.009579
-0.442072
0.508728
0.058901
-0.403559
-0.146478
-0.098401
0.745257
-0.842767
-0.647568
0.683779
-0.156770
0.694801
-0.923587
-0.368604
-0.230649
-0.921152
0.844486
0.752780
-0.466825
0.803678
-0.856975
-0.583759
0.211642
-0.848747
-0.677767
-0.405256
0.348721
0.149920
-5.015572
0.408381
-1.319191
0.465735
-0.023143
0.069246
-0.502020
0.955581
-0.799266
-0.734749
-0.845506
-0.186653
1.276438
0.058121
-0.164848
-1.086921
0.488589
0.057889
-1.401437
0.148549
-0.786749
-0.232251
0.534383
-0.744100
0.032373
-0.449738
0.149092
0.500407
0.000518
-0.179480
-0.239443
-0.260100
-0.931328
0.114545
-1.172520
0.188042
-0.984703
-0.560440
-0.123606
-0.507258
-0.196316
0.442455
-0.104072
-0.031424
0.993999
0.031422
-0.264480
0.529329
-0.824239
-0.575602
-0.098229
0.077308
0.916055
-0.412188
-0.879106
-0.372249
-0.106603
0.320207
-0.452779
-0.804150
1.025701
0.481526
-0.591112
1.183104
-0.470751
-0.552544
-0.081080
-1.020006
0.440423
1.235995
0.151396
-0.691035
-0.297074
0.748441
0.248074
0.058731
-0.201507
-1.042860
-1.169296
0.179488
1.188181
2.691254
-0.927995
0.458118
0.174938
-0.832952
-0.569467
-0.671632
0.528784
0.158583
-0.719257
0.752857
-0.820978
-0.539198
0.721675
0.234360
0.401416
-0.683034
0.163774
-0.331773
1.011129
-1.861462
0.212004
-0.785515
0.769670
-0.764838
0.211287
-0.905375
-0.403264
-0.076982
0.229888
-0.672544
-0.521069
0.739040
1.012161
0.695780
0.347290
-0.960241
-0.782281
0.307724
0.315400
-1.270380
-0.262514
1.497676
0.765055
1.373769
-0.329484
0.007361
-0.899691
-1.974696
0.770180
-1.397903
-0.819209
-0.230712
-0.805576
0.976156
0.304361
0.677804
-0.403135
-0.696714
0.529697
-0.706452
-0.635456
0.655968
1.165764
-0.867835
0.777449
0.390008
-0.519839
0.928452
0.176785
1.339938
-0.950384
0.885179
0.538061
0.998502
0.843028
-0.455597
-0.245793
1.107614
-0.687654
-1.073884
-0.340557
-0.179188
0.137327
-0.389949
-0.189978
-0.461914
-0.513382
0.449877
-0.263630
0.661804
0.668157
0.285642
0.221395
0.679956
0.587921
-0.125806
0.558779
-0.849242
-0.164834
-0.324356
0.955986
0.360621
-0.488318
0.782523
0.269625
-0.587399
-0.791259
0.937785
-0.692394
-0.039217
-0.718793
-0.704125
0.699423
0.381535
-0.093741
-0.494299
0.902382
0.220300
0.867037
-0.330394
-0.133876
0.502051
0.912568
-0.885970
0.048024
0.467671
0.010356
-0.413977
0.531502
0.720608
0.286235
0.451039
0.020516
0.813177
0.095042
-0.704088
-0.890729
0.281499
-0.837076
-0.611513
-0.927929
-0.653156
-0.403915
0.700810
0.701436
0.406519
-0.890351
0.654446
-0.313932
1.041496
-0.784451
0.520406
0.458821
-0.885761
0.531580
-0.399554
0.527534
-0.523422
0.181080
0.070415
-0.787574
6.099467
-0.595056
0.222190
-0.952489
0.433108
0.227033
-0.754796
-0.407407
0.533112
-0.390160
-0.272500
1.048230
0.324919
-0.594298
0.424765
-0.385391
-0.527627
0.106160
0.345686
-0.387280
0.407837
-0.320242
0.866639
0.561282
-0.567790
-0.540801
-0.122622
-0.251517
0.354819
0.969681
-0.148322
1.334418
-0.663041
-0.967820
-0.960396
0.978978
0.417789
-0.652925
-0.589994
0.213439
-0.007345
0.093390
-0.156188
-0.789143
0.466934
-0.495700
-0.520221
0.904843
0.732071
-1.076552
-0.537984
-0.141210
-0.336171
-0.964125
-0.774364
-0.166446
-0.240415
0.120544
0.674855
-0.901991
0.006988
-0.488166
-0.749905
0.581706
-0.458138
-0.736037
0.131536
0.837645
-0.222629
0.521271
-0.093561
0.972501
-0.391912
0.705094
0.941895
-0.926917
-0.849554
-0.012757
0.951251
0.748297
0.008963
0.261834
-0.504627
0.981655
-0.454040
-0.293376
-0.692323
0.172156
0.735382
0.786568
0.409970
-0.078663
-0.952253
0.758653
-0.857622
-0.045310
-1.665352
0.307436
-1.193760
-0.310894
-0.349448
0.839336
-0.435594
0.363640
-0.034848
-0.244797
0.516421
0.385829
-0.320060
0.808038
-0.327362
0.894187
0.749524
0.357005
-0.149108
-0.963796
1.243839
0.210196
0.710982
0.668602
0.595700
-0.486875
-0.803379
0.587685
-1.019312
-0.790074
0.869946
-0.815978
0.949676
-0.460774
0.157578
-0.074494
0.666342
0.866120
-1.494985
-0.395933
-1.109381
0.711176
0.627847
0.287389
-0.764895
-1.027427
0.206068
-0.065052
1.144508
-0.433647
0.000069
0.924455
-1.261006
-0.137905
0.182342
0.354212
0.973292
0.541936
-0.071607
-0.849807
-1.138047
-0.185891
-0.449377
-0.896876
0.492585
1.228411
1.433884
-0.096112
0.404998
0.493970
0.474110
-1.495219
-0.246309
-0.673898
0.664793
0.855575
0.412688
0.024807
-0.198545
-0.430731
0.780723
-1.368135
-1.048943
1.144344
-0.322884
0.405572
0.233715
-0.681083
-0.535696
-1.273646
-1.118697
-0.082992
0.361216
0.375194
0.329379
-1.369712
-0.079245
-1.155575
-0.099109
-0.100527
0.217757
-0.122356
0.250091
1.232293
0.590349
-0.314213
1.199869
-0.113497
0.530697
-0.770566
1.259629
0.311283
-0.027330
0.870605
0.572924
-0.238891
0.055313
-0.750647
0.590175
0.715724
-0.699739
0.762675
-0.356681
0.221787
-0.330829
1.013407
0.789102
0.778967
0.638189
-0.400718
-0.738112
-0.800713
-0.530988
0.354345
-0.654217
0.514224
-0.760760
-0.670751
0.616464
0.520508
-0.073130
-0.018546
-0.079228
0.631506
0.276682
1.163475
-0.604267
1.427333
-0.855468
-0.811305
0.895180
-0.563367
-0.827149
-0.545828
0.643433
0.049366
-0.917698
0.020873
-0.150467
0.746064
0.471351
0.393154
-0.570152
-0.517225
-0.188856
-0.000582
0.109492
-0.167093
0.264748
-0.295942
-0.521421
1.012835
-0.938125
0.344427
0.319581
0.240987
0.234082
0.962302
0.487396
0.375841
-0.828203
0.359614
0.794495
-0.661796
0.757196
0.427488
0.369388
0.817310
-0.552248
-0.784705
0.529340
0.910030
0.570260
0.967352
-0.639495
-0.606745
-0.101149
0.458789
0.227888
-0.840057
-0.856911
0.665095
-0.854751
-0.825410
-0.031338
0.502132
0.425620
-0.794252
0.394520
-0.125510
0.541247
0.551726
-0.773675
0.326961
0.848187
0.987373
-0.253335
0.238935
0.786473
0.141949
0.408397
0.297241
0.017810
-0.038042
0.265867
0.379022
0.376136
-0.830044
1.546768
-0.476772
-0.731665
-0.072240
-0.841397
-0.562816
0.047274
0.037619
0.891495
-0.535442
0.250222
0.290284
0.306298
-0.250161
-0.199869
0.528204
-0.950145
-0.386222
0.496219
-0.254648
0.849935
0.294191
0.916763
0.206763
-0.446441
-0.089966
-0.835295
0.829992
-0.656325
0.515636
0.908178
0.124531
-1.029279
-0.784595
-0.907525
-0.803469
-0.301738
0.222970
0.291718
-0.480889
0.747507
-0.412487
0.816958
0.117928
0.387478
-0.281890
-0.329832
0.479117
0.375561
-0.724311
-0.787593
0.217427
0.619677
-0.793619
-0.536446
-0.767831
0.208763
-0.329141
-0.934976
0.547483
-0.755019
-0.964340
-0.271353
-0.684059
-0.692356
-0.167196
-0.499571
-0.077753
-1.011291
0.812184
0.603128
0.790299
-0.547199
0.380839
-0.065755
0.762908
-0.821723
0.615180
0.318146
0.539814
0.916853
-5.098633
-0.150519
0.553590
0.807126
0.368995
0.808507
0.001588
-0.905901
0.942349
-0.418143
-0.648289
0.982700
0.295808
-0.328669
-0.735748
-0.816582
0.181069
0.254581
-0.780755
-0.009223
-0.172204
-0.971466
0.483568
-0.693797
0.035105
0.287081
-0.554562
-0.243161
-0.342424
-0.893116
-0.350627
-0.672865
-0.107314
-0.692616
-0.870469
-0.702756
-0.806410
0.247289
-0.576857
-0.924976
0.898881
-0.214518
-0.939811
0.229787
0.498215
-0.561366
0.414317
-0.295251
0.694410
0.771571
0.733718
-0.445672
0.868480
0.253010
-0.111382
-0.057919
-0.332613
0.422243
0.649707
0.326110
0.530693
-0.593202
0.690033
-0.503730
-0.269765
0.818705
-0.173636
-0.121851
0.064679
0.305913
0.021246
0.031619
-0.781401
0.122403
-0.724079
0.741600
0.630256
0.756372
-0.517706
0.315698
0.540474
-5.529315
-0.982749
0.336776
0.372323
-0.014597
-0.482668
-0.685854
-0.564242
-0.889949
0.670180
-0.881347
-0.639558
0.316975
-0.365953
0.276757
0.033683
0.556951
-0.722710
-0.584052
-0.063553
-0.021000
0.453631
0.167521
-0.553617
0.540586
-0.082207
-0.825535
0.490741
0.404216
0.160285
0.189479
0.745051
0.585528
-0.111406
0.190426
-0.541805
0.063168
0.499942
-0.001998
0.095817
-0.035221
-0.200457
0.837368
-0.498418
0.681411
-0.096761
0.949630
0.182377
0.157146
-0.795497
-0.877651
-0.505991
0.524146
0.083783
-0.011531
0.316838
-0.899067
0.115599
-0.267777
0.733213
-0.347303
-1.124844
0.122828
-0.795213
-0.522610
-0.744219
-0.564303
0.503350
0.940689
0.655830
-0.383730
0.045359
-0.333916
-0.381424
0.644326
-0.632282
0.542689
0.462675
0.454612
-0.399075
0.372319
2.259048
0.129913
0.209890
-0.606744
-0.921383
-1.053531
-0.097299
0.306513
0.133583
-0.639781
0.621164
0.549084
0.883329
1.076125
1.569999
1.278493
-0.376281
1.118657
0.823572
-0.748862
-1.444416
-0.166801
-0.371024
-0.026955
-0.737328
0.132282
-1.039497
1.202767
-0.044104
0.329053
0.223852
-1.195889
-0.786280
-0.944051
-0.327117
-0.519169
-0.454135
1.069833
0.378799
0.854763
-1.195196
0.465574
0.130901
1.087681
0.042731
-0.256006
0.312701
0.594277
-1.314340
0.734644
0.900138
-0.685917
-0.781933
-0.811279
0.150659
-0.279274
0.712454
0.467829
-0.490712
-0.831101
-0.677022
0.983259
-0.490421
-0.196580
1.007970
0.179404
-0.891445
-0.265352
0.555337
-1.296544
-1.095692
0.803815
0.303413
-0.091185
0.416851
-0.336500
0.330524
0.204708
0.911716
0.270794
-0.895541
0.480327
0.698096
-0.433556
-0.427638
-0.143228
0.345103
0.950066
-1.125104
0.622863
-0.687036
-0.004775
0.158611
-1.116542
0.238066
-0.074952
-1.438856
-0.905058
1.011254
0.543743
-0.802505
1.110507
0.299027
0.371613
-1.196731
-0.594917
0.959435
0.617197
1.002500
1.465183
0.159226
-0.925527
0.687910
-0.346884
-0.787661
1.284849
0.519808
1.003901
0.866756
0.913171
0.669025
-0.721097
-0.082999
-0.185798
-0.202463
-1.392418
1.123879
0.331674
-0.759102
0.477784
0.100123
-0.655570
-0.247222
-0.611449
-0.626737
0.028796
0.063263
-0.778677
-0.329599
0.181619
-1.079702
0.920687
0.364980
0.790366
-0.283428
1.256005
0.934704
-1.193567
0.849088
0.538968
1.491590
0.763742
1.264807
-0.306308
0.746088
0.016586
-0.675226
0.746351
-0.722967
0.064597
-0.398397
0.041337
-2.560261
0.932257
0.206655
0.885020
-0.003609
0.395179
0.941673
0.467073
0.753201
-0.883639
0.268763
-0.439890
0.508006
0.983327
-1.280093
1.508186
1.095004
-2.039310
0.544225
0.887388
0.184472
0.132339
0.171021
-0.097720
-0.585990
0.373839
-0.045411
-0.659982
-1.497524
-0.913547
0.740046
-1.095327
0.740655
0.790094
0.827875
0.361567
-0.445636
0.543819
-0.334801
-0.553680
1.007789
-1.161670
-0.055111
0.737301
-1.335436
0.821788
0.407919
-0.957952
0.925582
-0.190396
-1.018759
-0.498869
0.866914
0.243758
0.591020
0.990652
-0.979148
-0.516742
-0.754584
0.306100
-0.686205
-1.205791
-0.458100
-1.072612
1.064142
-0.763230
1.605455
-1.102840
-1.116502
-0.783940
-1.621958
1.082153
-0.758208
0.037083
0.729317
-0.596267
-0.313804
0.600312
-0.443437
-0.897908
1.089147
-2.471294
-0.421585
0.748256
0.080728
-0.792057
0.713559
0.184312
-0.251482
-0.922198
0.717072
0.287519
-0.758830
-0.739969
0.780900
0.935970
-0.435966
0.248624
-0.932476
-0.345225
0.396172
-0.525899
-0.386788
0.658508
0.721194
-0.648110
0.954631
-0.568133
0.450440
-0.707310
-0.582084
0.393516
-0.355467
0.038331
0.137861
0.689737
0.232270
-0.174881
-0.161525
0.941258
-0.101028
-0.431189
0.185688
0.124960
-0.230874
0.004079
0.026281
0.372049
-0.772371
0.164640
0.951189
0.635582
0.584261
-0.442101
0.230811
0.325587
-0.118902
0.149891
0.721107
-0.641457
0.394292
-0.832832
0.750405
-0.943906
0.148872
-0.150157
0.711560
-0.627251
0.684245
-0.396819
-0.666428
-0.466189
0.119842
0.501501
0.709864
0.918612
-0.480921
-0.299535
0.226028
-0.313745
0.827519
0.200913
1.554915
0.384980
1.065247
0.289724
-0.318483
-0.522285
-0.356660
-0.517933
-0.013199
-0.906542
-0.736428
-0.151702
-0.878988
0.601540
1.108941
1.266392
-1.025926
0.073907
-0.497343
-0.854165
1.874860
0.531362
0.685355
0.802911
0.452010
-0.733482
-1.106445
-0.559664
0.604945
1.483581
0.829217
0.213202
0.420193
-0.065974
0.063289
-1.515456
-1.085609
0.308992
-0.691323
0.253451
0.536669
0.095106
1.322142
0.557928
-0.815434
0.680256
0.755900
-0.421899
-0.755325
1.221514
-0.131049
-0.536654
0.515814
0.286149
0.881883
0.001632
-0.178026
-0.997667
0.091605
-0.836472
1.179553
0.913838
0.305943
-0.253985
0.289320
-0.637073
0.968025
-0.060407
0.701280
0.704896
-1.157986
0.107561
-0.440303
-0.697741
0.003030
-0.270344
0.754019
-1.368490
0.746185
-0.828014
-0.771706
-1.771401
-0.020405
1.290541
0.197216
-0.128655
-0.120342
-0.625864
-0.141671
-0.592050
-0.639579
-0.598373
1.122640
0.343157
-1.115821
0.561125
1.496037
0.576035
-0.658092
0.496257
0.129018
-0.567944
-0.529979
0.318339
0.120456
0.479099
-0.144962
-0.243822
0.724435
-0.561816
0.821715
0.850374
-0.353153
-0.903281
0.671947
-0.923565
-0.166073
-0.293212
-0.087673
0.983723
-0.628880
0.471160
-0.705160
-0.485710
0.025295
-0.268630
0.786965
-0.601241
-0.549444
0.718806
1.017953
0.735204
-0.582965
-0.696037
-0.425076
0.343443
0.939097
-0.998814
-0.909222
0.120953
-0.087186
0.300631
0.164553
0.674729
0.307614
-0.107004
-0.879748
-1.666208
0.108785
-0.260823
-0.922556
0.899114
-1.378090
0.464108
-0.564468
-0.351841
-0.827324
0.949322
0.034366
0.189711
0.616834
-0.422116
2.584869
-0.839160
0.143313
0.593845
0.477049
-0.048245
0.815954
0.172206
-0.898586
-0.606455
-0.055091
-0.071632
-0.982027
-0.696256
1.069520
-1.532357
-0.013992
-1.041449
-0.216920
1.081894
-1.773771
0.056458
0.415284
-0.655769
0.959631
0.575903
-0.391590
-0.218637
-0.200028
-0.526567
-0.673660
0.029414
-0.512693
0.617005
-0.579013
0.808665
-0.119227
-1.120370
0.346303
0.118454
-0.088701
-1.023296
1.066435
-0.209933
-0.158726
0.206376
-0.018385
0.571113
0.954824
-0.767640
0.265113
0.840688
0.086653
-0.508850
-0.691212
-0.268188
0.898239
-0.238860
-1.314563
-1.379636
-0.177319
-1.099125
0.259414
0.185593
-0.944592
0.289862
0.110355
-0.325058
-0.374147
-0.596510
1.095892
0.092360
-0.131045
1.133222
-0.898674
0.395513
0.308584
0.197683
-0.189195
0.016954
0.940109
1.009257
-0.186197
-0.224079
-1.267291
0.098224
0.278649
-0.782530
0.637127
0.467080
-0.508290
-0.181759
0.832927
0.700349
-0.897700
1.111116
0.928840
0.363404
-0.143268
-0.607676
-0.864153
-0.621518
0.598527
-0.147391
-0.032918
0.920122
-0.702472
0.880692
0.395121
0.471362
-0.124716
-0.384566
0.568244
0.782544
0.307979
0.536717
-0.147078
-0.502955
-0.812572
-0.289136
-1.290736
-0.238421
0.437562
0.864425
-0.073017
0.744718
1.091922
-0.923694
0.165087
-0.632278
-0.289685
0.246084
0.693339
-0.942270
-1.284175
-0.554333
0.984802
-0.673272
-0.557771
0.095119
1.355667
0.396019
0.690600
0.204262
0.249179
0.279692
-0.000818
-1.005319
0.534859
0.235739
-0.171076
0.647901
0.790747
-0.553113
0.493305
-0.668715
-0.754201
0.342330
-0.624841
0.532172
-0.827792
-0.294585
-2.331950
0.885452
0.361400
-0.037325
-0.649359
-0.236468
0.176680
-0.734350
-0.795360
-0.151924
-0.731043
-1.160768
-1.107172
0.734370
0.560453
0.186939
0.616472
-0.398319
-0.745607
-0.484637
-0.959481
-0.620901
-0.010456
0.170285
0.004302
0.219413
0.273041
0.246853
-0.817255
0.442477
-0.679684
0.125449
0.057084
-0.445777
1.132070
0.635702
-0.574564
0.075186
-0.750620
-0.663468
1.123918
-0.593705
-0.555334
1.114643
1.262077
0.443299
0.012846
0.607132
-1.273025
0.402349
-1.087768
-0.709965
0.713866
0.249004
0.950717
-0.578471
-0.770904
-0.013983
0.837825
-0.778229
-0.809730
1.002725
0.889393
0.159669
0.360413
1.250943
-0.060517
0.805899
-0.429759
-0.008001
-0.460351
-1.393019
0.424223
-0.036656
-0.885708
0.351960
-0.638436
0.096267
-0.001363
-0.602990
-0.132720
4.211669
-0.316688
-0.591025
-0.844290
-0.418547
-0.191426
-0.610534
0.521039
-0.528916
0.158814
0.595511
-0.618309
0.085443
-0.173296
0.592059
-0.207853
0.499283
0.271645
0.409388
-0.586603
0.467828
0.829123
0.858994
-0.706756
-0.877162
0.213354
-0.366498
0.398659
-0.734826
0.114605
-0.957662
0.397869
0.787229
-0.494821
0.565340
-0.639177
0.294017
-0.946735
0.875948
0.782826
0.216849
0.525302
-0.847989
-0.685674
-0.605377
0.788252
0.108402
0.921065
0.100515
-0.396958
-0.634786
-0.428140
-0.490890
-0.791730
-0.098698
-0.354258
0.504397
0.586266
-0.984061
0.749893
-0.279032
-0.814219
0.193281
-0.427021
-0.335652
-0.249713
-0.049822
-1.051732
-0.161941
-0.117413
0.732329
-0.883138
-0.558529
0.941569
-0.537280
-0.174051
0.774555
0.626050
-0.262485
-0.116667
-0.708289
-4.115389
0.541529
-0.842515
0.116994
-0.509685
0.610062
-0.129120
-0.984680
0.519601
-0.402687
0.105842
0.659993
1.559415
0.933332
-0.769762
-0.980668
-0.348776
-1.156288
0.450247
0.499144
-1.373469
0.624027
0.887041
-1.060694
-1.299001
-0.307718
1.180887
1.140096
0.542725
-0.390907
-0.941078
-0.669027
-0.600160
-0.199520
1.235376
0.747358
-0.555124
-0.358087
0.024885
1.187580
0.615492
0.906781
0.385194
0.573814
0.521176
1.060255
-0.799192
-1.004837
-0.971333
0.427090
0.426762
-0.515502
0.273300
0.025881
-0.365504
0.361030
-0.859763
-0.408048
0.918435
-0.002005
0.509710
0.012332
-0.905849
1.989969
-0.816287
-0.597945
-0.553359
-0.665049
-0.029950
0.471893
-0.887247
-0.281968
0.776942
1.106103
0.891556
0.045952
0.929422
-0.752665
0.371524
-0.409918
0.899515
-1.630641
-0.295690
0.003958
-1.144620
0.361552
-0.447118
-0.975229
0.805806
0.677588
0.509915
0.492764
-0.153283
0.667975
0.490160
0.188048
0.654814
-0.848686
0.525127
-0.321561
0.925726
-1.042888
0.232168
0.745608
1.008062
0.351792
0.002701
0.882793
0.265468
-0.998056
-1.155646
0.060737
-0.164166
-0.296546
-1.076871
0.026181
-0.840862
-0.385105
0.038312
-0.961820
-0.762761
-0.456736
0.615886
0.208449
-0.723823
-0.087106
-0.567241
1.060280
-0.053493
-0.968709
-0.333168
-0.272507
-0.939388
0.938973
-0.239522
-0.992935
0.039479
0.629543
0.826333
-0.532169
0.913623
0.864824
0.521780
-0.010844
-0.495587
0.542025
-1.033309
-0.062661
-0.656062
0.147973
-0.440561
-0.523863
0.698172
-0.783502
0.785833
-0.929919
0.184371
-0.840881
-0.751734
0.983624
-0.722498
-0.164032
-2.053454
-0.678390
0.220082
1.176341
-0.650036
1.237476
0.196759
-1.116173
-0.592231
0.093548
-0.763311
-1.008646
-1.326365
-0.487604
0.682390
-0.917180
0.310792
-2.278715
0.214369
-0.880690
-0.142108
0.159717
-0.802529
-0.605706
0.559163
0.342965
-0.396145
0.426743
0.091292
-0.051766
-0.881342
-1.166429
0.044130
-1.289398
0.340160
0.664202
-0.329641
0.041533
0.726704
0.242747
-1.189818
0.423723
0.117820
-1.021717
-0.859988
0.084329
-0.782271
0.801783
-0.233817
1.191508
0.921503
0.490054
-0.099479
-1.145713
0.866080
-1.069928
0.331952
-0.543943
0.484474
-0.084014
0.376836
-0.075564
0.034026
-0.722893
-1.104098
-0.453876
1.464107
0.567084
0.603037
0.805104
-0.962831
0.376719
0.461163
0.406001
0.911253
1.477781
-0.923677
-0.325078
0.996542
-0.533698
-1.101370
1.126763
-0.398794
0.037354
0.819674
-0.539701
0.186337
0.326479
-0.094177
-0.331415
-0.857127
-0.826584
-0.723294
0.152870
-0.388371
-0.268505
0.913196
-0.458930
0.830231
0.659005
-0.781064
-0.890596
0.471290
0.630536
0.440021
0.459323
0.622081
0.667692
0.778143
0.355164
-0.191799
0.939404
-0.044681
0.428606
-0.110139
-0.242551
0.864958
-0.940138
0.973460
-0.269396
-0.219718
-0.934270
-0.115086
0.054367
0.185760
0.424101
0.680002
0.121469
0.918362
0.513627
-0.279467
-0.868735
0.587232
-0.873791
0.725782
0.000878
0.518570
0.267874
-0.356971
0.354018
-0.414152
0.361128
0.198290
0.496820
-0.252863
-0.927824
-0.775795
-0.388566
-0.806542
-0.759547
0.302905
-0.128322
-0.719818
-0.879453
0.920600
0.430015
0.575000
0.558933
-0.473667
0.476679
0.080047
0.200546
5.521458
-0.434927
0.340930
0.287781
0.509207
-0.130132
-0.435430
-0.875127
-0.862822
0.124106
0.431310
0.315050
-0.383441
-0.816396
0.430595
-0.193521
-0.256970
0.551541
0.011114
1.011894
-0.577497
0.233214
-0.923468
-0.695731
-0.371036
0.684739
0.820497
0.064778
0.093566
-0.173640
-0.670229
-0.392921
0.398895
0.592808
0.853520
-0.097097
-0.596927
-0.665933
-0.041452
-0.388481
0.359351
-0.625737
0.917550
0.953985
-0.529804
0.236857
-0.291977
0.171981
-0.234024
0.585818
0.169186
0.184407
-0.234700
0.197996
0.408018
0.322177
-0.210780
0.153255
-0.563192
0.862674
0.925265
-0.374353
-0.566777
0.276008
-0.802347
-0.683641
-0.901829
-0.346971
-0.359049
0.018674
0.175352
0.930791
0.270289
0.053447
0.862469
0.763794
-0.773060
-0.446134
-0.088558
0.017314
-0.869578
6.994427
-0.947070
0.129945
-0.103063
0.377074
-0.724842
0.906539
-0.834415
-0.494526
0.715752
-0.584668
-0.155623
-0.964991
0.836915
1.105182
-1.589483
0.761763
1.165027
0.176985
-0.002963
-0.235601
-0.091490
0.499545
1.010168
-0.704689
0.525880
-0.844875
0.254859
-0.579571
0.038771
0.271834
-0.706178
0.181198
-1.744924
0.173730
0.293548
-0.747046
0.390238
-0.006627
-0.455521
0.588527
-0.004405
1.242057
0.484033
-0.350872
0.239264
0.845269
-0.508558
0.081419
-0.322389
-0.172435
-0.964894
0.518678
-0.627661
-0.980890
-1.608777
-0.791479
-0.792287
0.581119
-0.855570
0.325906
0.013866
0.079366
-0.507983
-0.516985
-0.503550
-0.166543
-0.389768
1.048144
-0.808607
0.813924
-0.263345
0.456491
0.602112
-0.454844
-0.051020
-0.360832
-1.036970
-0.161573
0.436078
-0.003200
1.427935
0.735761
-0.437916
0.076982
0.744869
-0.459780
-0.096361
1.342904
-0.799931
0.613932
0.692558
-0.116667
-0.209502
1.337340
1.295097
0.278041
-0.041899
0.043514
0.233477
0.131519
0.096899
-0.587573
-0.597940
-0.793273
-0.549074
-0.240036
-0.666890
0.057513
1.097673
-0.590417
0.819329
0.819144
-0.807672
-0.704042
-0.990941
-1.258819
-0.220727
0.500717
-0.976174
-0.149745
0.057984
0.205866
-0.817594
0.730303
-0.480564
1.167297
0.080838
-0.991666
-0.739701
-0.506164
-0.294526
0.332878
-0.377326
0.051946
0.497519
0.451232
-0.758605
-0.638765
-0.654125
0.874631
0.075753
-0.579897
0.483982
0.405845
0.101453
1.049768
0.217347
0.341983
-0.334067
0.503484
-0.447054
0.808134
-0.341393
-0.046957
0.022018
1.751418
-0.116749
0.824005
1.056681
0.798702
-1.361736
-3.091739
0.096082
0.485284
-1.282791
-0.356503
-0.860048
-0.399054
0.123599
-0.155404
-0.364145
-0.841514
0.413458
0.888162
0.667785
-1.196659
0.381329
-0.336171
0.908764
-0.549555
1.128807
-0.285107
1.061979
-0.413346
0.551814
0.174570
-0.534883
-0.650782
0.154383
-0.810740
-0.805940
0.190512
-0.196398
0.340474
1.108949
0.636170
0.608916
-1.096386
0.850468
-0.005852
-0.225779
-0.818750
-0.291510
-0.404280
-1.047397
-0.758251
-0.645545
0.778652
-0.031413
1.027994
-0.645254
0.096544
-0.410077
-0.699918
1.114585
-0.865011
0.963192
-1.028779
-0.390456
-1.276765
-1.034835
-0.120432
1.227312
0.188732
-1.639165
0.805354
-0.741238
1.065122
0.951116
-0.757873
0.265260
-0.697832
-0.642853
0.940449
-0.075746
-0.224479
-0.290903
0.107490
-0.308454
0.255593
-0.274892
-0.138448
4.777104
0.591348
0.118789
0.855008
0.661645
-0.148891
0.842868
-1.006925
-0.028072
-0.947651
-0.335257
-0.844066
-0.274601
0.334708
1.059305
0.245895
-0.067520
0.540888
0.377269
0.433474
-1.630566
-0.739706
0.964618
0.003716
-0.048762
-0.955172
1.296487
0.609576
0.347271
0.008285
-0.662130
0.176599
-0.508609
0.895050
0.564956
-1.337484
-0.727192
-0.146678
-0.552542
-0.017735
0.248743
-0.336126
0.872001
-0.604922
-0.549379
0.673853
-1.399397
0.266191
-0.364726
-0.863580
0.223085
-0.043203
-0.710943
-0.438322
0.777810
0.755089
0.048528
0.685508
-0.113914
-0.377357
-0.389546
-0.032064
0.742930
0.020404
-0.294101
0.341226
0.367635
-0.287838
-0.890469
0.669002
0.564072
1.050845
0.282550
0.192896
1.099581
0.156616
-0.211671
-1.335178
-0.271931
0.857773
-1.044139
-1.613342
-0.311703
-0.566990
-0.087807
-0.520174
0.649365
0.859417
-0.825008
-0.609139
-0.882692
-0.178271
0.459505
0.858477
-0.948755
-0.954000
-0.067619
0.485420
-0.293250
0.142784
0.361946
-0.615789
-0.386515
-0.350292
0.632662
-0.393276
-0.747099
-0.618260
-0.248022
0.158451
-0.898245
-0.112480
0.186624
-0.227994
0.352622
-0.913183
0.258738
0.028893
0.964189
0.451985
0.418912
-0.878018
-0.732071
-0.140790
-1.012293
-0.653748
-0.079405
-0.086274
0.852328
0.605959
-0.895452
0.216845
-1.016087
-0.253855
0.876570
0.633028
0.366237
-0.823729
-0.970627
-0.905168
0.330813
-0.851624
0.024674
-0.474388
-0.051855
-0.622920
-0.386063
-0.790142
0.385545
-0.413342
0.663312
-0.180846
-0.259582
0.981692
0.688534
-0.284438
-0.668028
-0.363161
0.657326
-0.820684
-0.765983
0.794520
-2.999483
-0.740295
-0.849832
0.942956
0.922576
1.915991
0.425885
1.211946
1.000366
-0.235909
-0.739555
0.195081
0.453242
0.332931
-0.056667
0.926396
0.322407
-0.874169
-0.591294
0.104369
0.430756
0.275802
-0.065424
0.034969
-0.879016
0.275339
1.465517
1.335380
0.357505
-0.682651
0.466651
-0.254720
-0.597981
-0.674044
-0.628648
-0.207092
1.205223
0.879267
-0.587549
1.067314
-0.749877
0.406495
0.069859
0.809325
0.988282
-0.200816
1.055779
-0.014960
0.141912
-0.561365
-1.306052
-0.234462
0.928130
-0.242179
-0.872077
-0.828135
-0.572051
-0.872426
1.227656
1.583304
-0.290359
0.069813
-0.166843
0.210081
0.946597
0.558345
0.798582
0.452131
-0.224993
1.118768
0.686495
1.011010
-0.647129
-1.057779
0.222278
-1.361339
-0.312018
1.203706
0.159615
0.947256
-0.853150
-5.464023
-0.338950
1.125067
-1.527486
-0.138889
-1.160661
-0.598313
0.530852
0.790065
-0.666622
0.438191
-0.024586
-0.115688
-0.231337
-1.131157
-1.047070
0.965843
0.695576
0.117866
0.823352
-0.138465
-0.420251
-0.956800
0.977160
-1.209976
-0.893974
-1.502468
0.737428
0.168898
1.059344
0.563212
-0.538600
-0.595126
1.367409
-1.134738
-0.348310
0.772684
-0.745028
-0.550814
-0.035318
-0.763782
1.057869
-0.364518
1.064343
-0.496667
0.221682
-0.883271
-0.614190
-0.942005
0.420731
-0.888580
0.814731
0.855915
-1.089706
0.194535
0.991710
-0.642712
0.219778
0.452772
1.471638
-0.042015
0.061009
0.544506
0.385253
-0.209124
0.867586
-0.118053
-0.717127
-0.906698
0.124670
1.222537
0.502925
0.410817
0.655318
0.401404
0.277119
-0.201595
0.296193
-0.631864
0.082438
-0.756631
0.371786
0.249782
-0.815643
-0.055337
-0.558451
-0.947893
0.027430
0.925143
0.598617
-0.573362
-0.388389
-0.606502
1.187983
-0.247039
0.049372
0.716398
0.295791
0.072313
0.955300
-0.346023
-0.879079
0.049459
-0.708954
-0.494518
-1.081400
-0.863688
0.058394
-0.229221
-0.651045
-0.958881
0.749512
-0.525638
0.799365
0.905225
0.486289
-0.652535
-0.937043
-0.561986
0.828548
1.211302
-0.680667
-0.494164
-0.678230
-0.170632
-0.569622
0.285372
-0.549846
-0.935413
-0.421498
-0.522101
-0.252966
0.131730
0.357241
-0.256621
0.471392
0.280180
-0.030706
-0.471303
-0.398968
0.745736
-0.068340
-0.966909
-0.836747
-0.327432
-1.083392
1.327761
-0.018608
-0.425291
-0.821909
-0.676074
-0.423822
-0.413639
0.228533
-0.369191
0.757827
-1.199550
-0.953434
-1.288244
-0.822021
-0.106947
-0.007216
3.829256
0.673433
0.832772
0.671656
0.087457
0.715058
-0.328008
0.291109
0.949475
-0.995869
-0.571091
-0.815852
-0.940273
0.373256
-0.843853
1.123068
-0.891598
0.105517
1.112737
-0.194882
0.026279
-0.108370
-0.871625
1.075592
-0.093640
-0.948209
-0.862642
0.126117
-1.395317
0.172118
0.473750
0.523627
-0.827810
0.585120
0.129383
0.220609
0.159836
0.682627
-0.058499
-0.349213
0.686516
0.701798
-0.180316
0.566810
-0.491778
0.568949
0.592950
-0.206884
-0.063522
0.659147
0.456456
0.950162
-0.526821
0.694413
0.931283
0.345695
0.830802
0.959895
-1.221179
1.342323
-0.241204
0.797731
-0.014027
-0.086754
0.127009
1.354460
-0.751511
0.588166
0.176303
0.656387
-0.385256
-0.064351
-0.298357
0.227897
-0.514565
0.289660
0.122595
-0.979323
-0.755421
0.665080
1.042387
-2.492381
