0.641115
-0.994121
0.095354
0.692035
0.443985
-0.385111
0.700028
0.494407
0.374250
-0.753747
0.369044
-1.501704
0.398966
-0.923934
0.644371
0.496521
0.450363
-0.129588
-0.424433
-0.575435
-1.561775
0.364178
0.814665
0.221874
-0.562241
0.604098
-0.098138
-0.374163
-0.388704
-0.228934
-0.187349
-1.001004
-0.534863
-1.399271
-1.622909
-1.401229
0.417509
1.091973
0.875576
-0.551464
1.237365
0.526380
-1.168401
0.027757
-0.089788
-0.556754
-0.521193
-0.599955
0.604595
0.493592
0.639838
0.335406
-0.463515
0.384992
-0.548974
0.388920
-1.277909
0.439104
-0.961672
0.020268
-0.899260
0.976130
-0.321899
0.214128
0.828337
0.518011
0.221998
-0.100196
-0.580442
0.347349
0.389464
-0.961142
-1.115844
-1.117991
-1.534754
0.444432
-0.876609
-0.627391
-0.766662
-1.190092
-3.239013
0.879014
1.724091
-0.794048
0.021072
-0.829567
-0.263451
1.548462
0.728168
-1.422721
-0.223058
1.272077
0.122440
-0.400099
-0.123673
-0.454433
0.826469
-0.852885
0.712564
-0.066566
1.781263
0.172987
-1.008693
-0.886900
0.988470
-1.187586
0.435909
0.744288
0.247412
-0.886689
1.355368
-0.785182
0.716427
1.678354
-0.009778
0.836765
-1.419108
-0.417710
-1.299772
0.853242
0.036896
0.325686
-0.125605
-1.253328
-1.067756
-0.386408
0.091500
0.716062
-0.047886
-0.102812
-0.146110
-0.688092
-0.752133
-0.168603
0.167227
0.655957
-0.024806
0.333065
-0.456511
0.690241
-0.203713
-0.233591
-1.133029
-0.129327
-0.059416
0.939934
-0.955368
0.193139
0.912879
-0.861662
0.184433
-0.563273
0.610848
-0.341808
0.328023
-0.811886
0.651905
0.209598
-0.962646
-0.517045
-0.663104
-6.038597
0.734019
-0.598662
-0.926746
0.054853
-0.418095
0.313418
1.182544
-0.631620
0.279480
-0.427777
1.009583
0.634437
0.921545
-0.052849
-0.163178
0.481887
-0.594951
-0.604099
-0.554441
1.116655
0.131183
0.025956
-0.384398
1.088916
1.619671
0.445634
0.373853
-1.133937
0.438385
-0.339042
1.205933
-0.259452
0.455749
-0.932344
0.110231
-1.137430
0.365996
0.883995
-0.259111
-0.233909
-0.926754
-0.983093
-1.285187
0.565674
0.992516
-0.301426
-0.162601
-1.306181
0.058040
0.746082
1.867913
-1.271515
-0.339021
-0.335290
0.764961
-0.725759
1.178113
1.192145
-0.134747
-0.832907
1.377918
-0.641374
-0.601935
0.445872
-0.480928
0.098587
0.856472
-0.873694
-0.650800
-0.814948
-0.440673
0.181885
0.532549
-0.444149
-0.217967
-0.392565
0.612662
0.351331
-0.492476
-0.642882
-11.224246
-0.245126
-0.544257
-1.456048
0.364964
-0.491196
-0.741118
0.614447
0.786635
1.491470
-0.060524
0.798727
-0.948156
0.318419
-0.444513
0.061359
0.196481
-0.859341
-0.093945
0.769922
0.030816
-1.354814
-0.156539
0.358104
0.574273
0.449791
-1.372373
-0.695027
0.254038
-0.155169
-0.564308
-0.632638
0.052288
0.026950
-0.974897
0.710985
-0.641901
0.490840
1.013266
0.916406
0.160543
-0.816233
-0.381138
1.408684
-0.296573
0.160543
0.228126
1.081988
-0.902138
-0.318795
0.890615
0.281697
-0.775944
-0.236967
-0.905035
0.816474
-0.721850
-1.900854
-1.529669
1.170918
-0.097899
-0.304976
-1.361873
0.241831
-0.648824
0.788420
0.659247
0.275348
-0.896772
0.728713
-0.205990
0.509058
0.884226
-1.315669
1.074298
-0.980649
-0.777000
-1.166105
-0.304496
-0.887135
0.185971
-5.130226
0.047679
-0.682818
0.167088
-0.100790
-1.105316
-0.082173
0.618505
-0.689491
0.058148
-0.741029
-0.370280
0.797551
0.276604
-0.863942
0.590341
-0.411320
-0.111166
-1.087474
0.812459
-0.993928
1.112024
0.717171
-0.835882
1.087780
-0.975494
-1.052251
0.886155
-0.862164
-0.040992
0.446382
0.646061
0.223121
-0.137018
0.068781
0.336242
0.731726
-0.526430
-1.343421
-0.880473
0.378406
-0.444914
0.406703
-0.867562
0.567356
1.644918
-0.225773
-0.916115
-0.234006
0.041435
1.036189
0.971844
-0.533398
0.595286
0.246713
-0.854723
-0.872247
1.156939
-1.963115
0.946932
-0.498886
0.568484
0.238576
-0.033093
-0.227458
-0.028281
0.564571
0.391044
0.821815
1.577591
0.062093
0.454514
-0.492583
-1.034693
-1.104710
-1.668455
-0.431796
-0.125426
-1.313808
0.564395
-1.296023
-8.046975
-0.451081
0.503053
0.569769
0.670563
0.028936
1.692393
-0.245741
0.308292
-0.020855
-0.888861
0.009773
1.448300
-0.992550
-1.087021
-0.751237
-0.878108
0.234726
0.173775
-0.728859
-1.385472
-1.454237
-0.374654
-0.168149
-0.429921
-0.565973
0.723227
0.819919
-0.241955
0.161642
-1.205724
-0.192131
1.418278
-0.195432
-0.704838
1.179632
-0.998264
-0.734723
0.535420
0.628933
0.007726
0.156436
-0.010471
-0.534083
0.608109
-0.997653
0.363249
1.577528
-0.332979
-0.774753
-0.931995
1.301974
-0.727002
-0.267071
-0.438246
0.386513
0.579451
-1.534581
1.111583
-1.295916
0.027963
0.779381
-0.215856
-0.822532
-0.484565
0.976729
-0.908451
0.488551
0.847883
0.938991
-0.601736
-0.206474
-0.915892
-0.576524
-0.219844
0.699304
0.412137
-0.151154
0.066392
0.006504
-0.999521
-6.634762
-0.415419
0.029794
-0.842441
0.075688
0.379486
-1.061950
0.976918
-0.684535
-1.002926
-0.701067
0.956900
0.290490
0.387560
-0.915335
0.118615
0.077260
-0.243074
0.086715
-0.975332
1.145173
-1.300413
-0.959152
-0.630308
0.993523
0.896706
0.539547
-0.790636
1.008297
0.075042
0.575957
0.872551
0.005214
-0.516859
0.871935
-0.604530
0.309241
0.908950
1.362759
-0.710723
-0.654960
0.794759
2.005351
-0.084127
-0.113512
-1.117487
0.776074
-1.133653
0.667242
0.150891
-0.934997
-0.898892
-0.086929
-0.792985
0.384457
0.032903
-0.685953
0.885333
-0.056543
1.405567
-1.012436
0.588817
0.892989
0.343328
0.668005
0.867011
-0.987064
1.094704
-0.093929
1.287550
0.801824
0.263669
0.688363
0.819102
0.451430
-0.309955
-0.831272
-0.199835
-0.753405
0.264384
-0.628658
-11.405675
-0.672804
-0.538145
0.330918
0.372989
-0.023793
1.478491
0.398834
-0.488216
0.631855
0.119311
0.496410
-0.634266
-0.253384
-0.163015
0.471761
-0.338247
-0.547479
-0.763294
-0.690351
-0.064774
-1.529566
-0.966694
-0.602343
1.367455
0.059901
-1.326428
0.173137
0.091516
-1.476847
1.121160
-0.744039
-0.949845
1.580707
0.953056
-1.243179
0.565853
0.307974
0.322560
0.591432
-0.305962
-0.754811
-0.744286
0.308082
-0.232279
1.017606
0.193719
0.167535
-1.333699
0.837458
0.883522
-0.703987
1.657255
-1.055872
0.297738
0.695886
-0.141886
1.234470
-0.785656
-1.192648
-1.073157
-1.108277
-0.022172
-0.835024
0.124953
-0.657068
-0.516343
1.407828
0.739581
0.193024
0.388563
-0.425766
0.711615
-0.744302
-0.937637
-0.272940
-0.962284
0.457836
-1.226554
-0.903926
-0.140444
-5.140199
0.180467
0.843909
-0.925194
-0.579105
-0.162977
-0.657776
-1.102105
0.707054
0.527029
-0.620376
-0.794119
-1.509535
-0.667922
0.192237
-0.857492
0.334814
0.301477
-0.658853
0.137084
-0.057206
-0.574637
-0.367086
-0.230895
-0.403259
-0.128415
0.392819
-0.630961
1.748142
0.124495
0.693510
0.970105
-1.363278
-0.479254
0.757995
0.437826
1.175704
-0.226230
-0.486417
0.243309
-1.068981
0.581520
0.997611
-1.153237
-0.525695
0.480069
-0.470057
1.421300
-0.783798
-0.282557
-0.482778
-0.414984
0.769921
0.325945
0.451589
0.011234
-0.299277
-1.245797
0.729844
-1.114221
0.496985
-0.401751
-1.085101
1.444010
0.609890
0.556113
-0.093250
0.738996
-0.279708
-1.124677
-0.490885
-0.295739
1.247357
-0.946713
-0.163747
-0.675209
0.293246
0.011593
-0.894990
0.589341
-0.774341
-6.662580
-0.882777
-1.224693
-0.756722
0.510874
-0.045904
-0.263442
0.391196
-0.479768
0.810038
0.450138
0.290343
0.600849
-0.432345
0.220824
0.543073
-0.787601
-0.468248
-0.658827
-0.489799
0.579196
0.681553
-0.682687
0.374452
-0.512361
0.125076
-0.913692
0.223106
0.617945
-1.231666
0.433236
1.301071
-1.107674
1.408602
-0.574281
1.027812
-0.329044
0.451561
0.987514
0.378048
-0.072597
-0.127358
-0.557554
-0.792518
-0.506277
-0.965156
-0.730681
-0.403222
-0.996965
-0.328441
0.148220
-1.142910
1.331611
0.558519
0.533237
0.935692
-0.598997
-1.375401
0.282713
0.865631
-0.676469
-0.322985
1.015375
-0.295395
-0.559464
1.211617
-0.652589
0.124129
0.274870
0.542381
-0.277661
-0.796984
0.041530
0.895665
-0.494327
0.125541
0.932774
0.732412
1.337685
-0.200200
1.026990
-8.015832
-0.233046
1.553295
-0.375522
-0.875783
0.483981
1.258186
-0.655664
0.149433
-0.965696
-0.077455
-0.807939
-1.094060
0.996990
-0.447297
0.073775
0.769388
-0.842980
0.784678
0.629833
-0.607948
1.160427
-0.530871
-0.399658
-0.497201
1.568011
0.310680
-1.111314
1.607086
0.486106
0.904096
-0.196858
-0.278175
1.546385
0.913948
-0.939406
1.358320
0.290576
-0.569489
-0.125040
-0.804208
0.905578
0.272419
0.578082
0.627679
0.381112
-0.081940
0.101734
0.223599
-0.653127
0.060671
-0.669827
-1.412840
0.642122
0.571625
0.285600
0.551384
-1.218344
0.036351
1.428521
0.575802
-0.327204
-0.568305
1.285795
-0.165709
-0.763465
-0.529445
0.422629
0.842521
0.956982
0.456396
-1.080700
-0.220928
-0.591097
-0.315020
0.002459
-0.876957
0.992740
-0.762526
1.079641
-0.464877
-12.031852
-0.215908
-1.010908
0.374248
-0.680134
0.662179
0.052097
-0.751897
0.075233
-0.194795
-0.653930
-1.014353
1.144603
-1.052224
0.302791
1.554530
-0.182648
-0.680133
1.750191
-0.362884
1.450840
1.281398
0.751781
-0.824291
-0.990587
-0.457628
-0.148884
-1.003993
1.392766
-0.587703
-0.443286
0.184426
0.374207
-0.734030
-0.361094
1.040210
-0.823876
0.706942
-1.004623
0.735653
-0.669044
-0.626621
-0.733705
1.005453
-0.161360
1.003542
0.532596
1.249630
1.058189
0.270210
-1.062201
0.341737
0.675917
0.818135
0.763419
0.548938
-0.207771
-1.253919
1.008007
-1.450605
-0.530392
0.409690
0.206821
0.794110
-0.257407
0.723089
0.273922
0.976434
0.639988
0.935111
0.135607
-1.022300
-1.487934
0.808766
0.269337
-0.707772
-0.181520
0.494481
-0.682210
-0.591889
-0.371774
-9.536970
0.990420
0.904314
-0.452217
0.787073
0.711502
0.255604
1.753886
0.108534
0.937186
-0.395266
0.007121
-0.597473
-1.175805
0.914233
-0.262696
0.592143
0.332438
-0.676459
0.052773
-0.497852
0.426357
0.101348
-0.970755
-0.799712
-1.475944
-0.378569
-1.039587
0.438322
-0.060052
-0.886054
0.197175
0.845861
-1.147577
-0.854680
0.799166
0.515480
0.597452
0.847910
-0.033162
0.261713
0.731770
-1.570292
-0.450838
-0.892526
-1.121260
0.737198
0.969304
0.967595
-0.450781
-0.233685
-1.113743
-0.291596
0.946393
-0.670015
-0.940006
-0.847110
-0.025807
-1.603960
0.269053
-0.387576
-0.756790
-0.204416
-0.918460
0.090718
-0.831490
0.269647
0.003964
-0.930350
-0.930130
-0.937678
0.399215
-0.899092
-1.300397
-0.183704
-1.058237
-0.748669
1.332969
1.663299
1.546958
-0.365097
-4.117621
-0.976030
-0.478513
-0.637425
-0.724200
0.510106
0.952300
0.876511
0.855248
0.751252
-0.763605
0.028149
-1.383808
-0.686561
0.760370
-0.806762
0.497374
-0.317376
-0.893930
0.823604
0.037881
-1.501778
-0.969480
0.181309
-1.302748
-0.005352
0.612375
0.710293
-0.591935
0.701761
-1.950116
-0.119179
-0.113931
0.869435
0.890389
-0.223858
0.346318
-0.158105
1.044881
0.500372
-0.506725
0.314157
-1.576000
0.207675
0.756986
-1.630252
0.226237
-0.029379
-0.688723
0.802050
0.294909
-1.516263
-0.018871
0.345014
0.411384
0.914774
0.887210
0.834038
1.432566
-1.170175
-0.863175
1.608509
0.610581
0.061791
1.440453
0.483909
0.231552
0.281045
-0.592727
-1.017254
-0.153278
-0.263623
-0.681108
0.242690
0.612325
0.790853
0.112265
-0.014092
0.356149
-1.054327
-0.096492
-10.297510
-0.753850
-1.120211
0.339286
0.512031
0.068422
0.177052
-0.188813
-0.681579
-2.148795
-0.074447
-1.075700
0.757526
-1.129916
-0.920965
-0.401147
0.767724
0.365967
-0.281564
-0.869776
0.495836
1.281570
-0.739050
0.603711
0.727663
-1.274696
-1.002321
-0.742223
-0.214833
0.118747
0.141177
0.178961
-0.435408
-0.106191
0.236516
-1.052363
0.356039
0.259609
0.126871
-0.703124
0.195060
-0.889710
-0.855569
-0.462718
-0.254340
-0.376179
0.502302
-0.617846
-1.622338
-0.492987
-0.278076
-0.719807
-0.951785
0.002900
-0.661329
0.824648
0.149022
0.431523
-1.351980
-1.229181
0.816574
0.751757
1.175644
-0.336078
-0.782949
0.193075
0.652250
-1.488904
-0.510528
-0.671326
-0.225396
0.866092
1.016889
0.248808
-1.021898
-1.246644
0.987506
-1.729880
-0.621555
-1.192080
0.158966
0.154025
-0.174747
0.364574
-1.005442
-0.313727
-0.398072
0.111441
-1.137168
-0.133240
0.714903
0.876123
1.008238
-0.251144
0.249601
-0.791993
-0.657782
-0.500317
-0.261999
-0.270204
0.407259
1.102847
-0.034229
-0.269273
-0.258808
0.385833
-0.627540
0.262799
0.650777
1.233842
-0.146557
-1.715075
-0.290736
0.286044
-0.147564
0.144320
0.514609
-1.268566
-0.334620
0.562840
-0.000607
-0.639594
-0.232817
-0.023637
1.266668
0.928829
-0.141565
-0.664373
-1.208598
1.465556
0.628346
0.608529
-0.372501
-0.513181
-0.549889
-0.724174
-0.477537
0.554416
0.896719
-1.265934
-0.113635
-0.989696
0.498962
-1.389206
0.457164
0.498054
0.506922
-0.102107
-1.767390
1.373616
0.564716
-0.013651
-0.856889
0.115147
1.385489
1.545142
-0.577707
0.118117
-1.748000
-0.546727
0.009010
1.540646
-9.112602
-0.567319
-0.386681
-0.160710
-0.273949
0.770040
-0.879869
1.217212
0.644318
1.041768
0.934066
-1.108299
0.437211
1.285947
-0.832643
-0.424513
-0.124383
-0.740738
-0.305929
-0.354207
1.006894
-0.394522
0.399052
0.290843
0.519860
-1.412644
-0.735837
0.181930
-0.310920
0.320444
0.074823
-0.093201
-1.027183
-1.257630
-0.962841
-0.687587
0.375411
-0.320631
-1.000080
-0.008386
-0.835894
-0.800868
0.653305
0.608672
-0.651824
-0.216095
-0.231098
0.566659
2.046409
0.632305
0.491666
0.601536
-0.471350
0.345640
-0.222966
0.817640
0.461263
1.001176
-0.843964
-0.945496
-0.201530
-1.190415
0.810179
0.851844
-0.746913
1.562194
0.596247
0.652488
-0.680956
-1.299267
-0.351263
-0.510678
0.578768
-1.165025
-0.636284
0.240668
0.631876
-0.275599
-0.806001
0.757294
0.059283
-9.717859
-0.080681
1.332343
0.669983
0.532665
0.335706
-0.261556
-0.047444
-0.293428
0.856912
0.884824
0.289850
-0.233309
0.764190
0.338570
-0.636068
-0.530775
0.056974
-0.658182
-0.432188
1.744655
1.066794
0.294123
-1.039234
-1.556334
0.013204
0.811613
0.208058
-0.582549
0.420077
-0.724941
0.489219
-1.218928
1.424814
0.310669
1.810847
0.626621
-0.394338
-1.158147
-0.754640
-0.847743
-0.252672
-0.396486
0.560556
0.617013
0.382334
0.894610
-1.182261
-1.567582
-0.034648
-0.375254
-1.670063
-0.646894
-0.916917
-0.962336
-0.397762
-0.369337
1.523719
1.275829
0.615329
-0.117439
-0.123475
-0.221857
-0.393741
-1.111454
-1.145394
0.028365
0.096690
-0.067899
-0.990039
0.832575
0.196429
-0.208619
0.040950
0.510993
-1.015195
-0.887636
-0.310864
-0.513408
-0.941457
-0.418664
-9.322785
-0.820991
-1.433848
0.544736
-0.868990
-0.425274
-0.873097
-1.657925
-0.398479
-0.808125
0.050823
-0.333262
-0.471452
-0.834578
-0.117717
-1.499029
0.252990
-0.906256
-0.223454
0.305070
-1.325818
-0.532081
-0.813598
0.835105
-0.437841
-0.290645
1.160434
0.429315
1.056846
-0.626528
-0.687257
-0.120130
-1.294709
-0.589906
-0.186774
-0.830002
0.206784
0.307682
-1.259942
-0.805595
0.501469
0.198164
-0.615165
0.768462
0.948809
1.485316
0.106824
0.409609
-1.156149
-0.768423
-0.527720
1.008990
-0.584531
-0.242588
0.006906
0.591869
0.712814
-0.221861
-1.050819
1.115732
-0.008863
1.464119
-0.960957
0.066395
-0.419528
-0.412622
0.975621
-1.300705
-0.616048
-0.829098
-0.309063
0.944960
-1.131563
0.671408
0.048897
-0.597123
0.588894
-0.454979
0.105926
-0.748242
-0.006678
-1.143501
0.108032
-0.711097
0.031887
-0.988566
-0.459028
-0.857694
-0.272723
0.745072
0.843559
0.914123
0.285731
1.280150
0.648164
-0.454371
-0.470699
0.259858
-0.285519
-0.035780
0.754488
1.148775
0.610469
-0.678818
0.431855
-1.146349
-0.648005
-0.542929
-0.398994
-1.129532
0.255332
0.201761
0.063881
-1.187592
-1.216632
0.784949
-0.285460
-0.791818
-0.624155
0.248008
-0.344922
-0.853010
0.557171
-1.428896
-0.810419
-0.487698
-0.263811
0.093404
1.032258
-1.584727
-0.464537
1.472015
1.268787
0.689422
-0.926865
0.347859
-0.602350
-0.006214
-1.205046
0.363577
-0.187047
0.578603
-0.625552
-1.061339
1.265277
-0.603465
0.371052
-0.672008
0.225692
-0.693283
1.478662
0.821972
-0.640968
-0.353750
-0.900002
-0.702894
0.914367
0.229115
0.826262
-0.119994
0.072868
-2.016849
-6.767352
0.160301
-1.606636
0.031929
-0.679417
-0.406839
-1.051030
0.488795
0.707007
-0.695404
-0.344437
0.747058
0.618920
0.456704
-0.760699
0.359280
-0.037564
0.327623
0.107242
-0.481202
0.234914
-0.829111
0.457433
0.702399
-0.807557
0.194490
-0.389580
-0.610057
-1.274206
-0.045107
-0.342256
-0.163831
0.600525
-0.880671
-1.331899
-2.088653
0.331252
-0.757005
0.530439
0.164707
0.574367
0.475375
-0.187878
1.061544
-0.668904
0.164374
-0.185661
-0.074803
0.364579
-0.368368
-0.995576
-0.868150
-0.996236
0.495660
-0.701701
0.707462
-0.442593
1.049367
-1.464528
-0.818824
0.566641
0.530525
1.235455
-0.367819
1.373472
-1.456675
0.174013
-0.801743
-0.423951
-1.257965
-0.654158
0.910767
-0.864142
0.957805
0.541731
-0.166890
-0.079344
-1.544289
1.559277
1.709475
0.507234
-6.612801
-0.566279
0.303758
0.424877
-0.139229
0.792673
0.590671
-1.168313
0.534559
-1.169799
0.695934
-0.986349
-0.030775
0.818120
-0.921559
-0.385866
-0.978389
0.523882
-0.034820
-1.102119
-0.017797
0.668072
-0.754573
0.259129
-1.460892
-1.062889
-0.539398
-0.881023
-0.696502
-0.664477
-0.104030
-0.672554
-0.715208
-0.818430
-1.680244
-0.234774
1.455678
-1.003171
0.970319
0.483646
-0.034239
-0.034480
1.195630
0.781885
1.106428
-0.822632
0.774779
1.181968
0.628415
-0.362780
-0.788997
0.790422
0.905463
-0.474239
-0.409787
0.628418
0.394346
0.163547
1.295570
-1.316816
-0.030642
-0.404453
-0.459584
0.932716
0.566594
-0.802037
0.006342
0.812507
-0.516556
-0.722863
-0.329413
0.171783
0.358478
-0.187202
-1.031394
0.663191
-0.329823
-1.419706
1.084416
-0.771297
0.234672
-5.830023
0.408402
-1.178626
-0.593416
1.171080
-0.595500
1.172970
-0.842454
0.966719
1.068386
0.855071
-0.449666
-0.565305
0.938497
-1.014129
0.648094
-0.516489
0.458614
0.911565
-0.104242
-1.493945
-0.443414
-0.592722
-0.335074
-0.585379
-1.437092
0.746169
0.133545
1.022793
0.517171
-0.966612
0.154340
0.034999
-0.866978
0.620215
0.088545
-0.127560
0.378370
1.093222
-0.306251
0.031452
0.861756
0.992663
0.742845
0.188056
0.754532
-0.853078
0.616080
-0.165574
0.458051
-0.516521
-0.473575
-1.071072
-0.053258
0.785519
0.037411
-0.018712
0.728162
-0.513864
-0.029757
-0.299702
-0.894475
1.289785
0.568724
0.865304
0.210698
-0.441892
1.339566
-0.022523
-1.491378
-0.679500
-1.004942
0.369903
1.135418
-0.130677
-0.380203
0.358255
0.829011
-0.624541
-0.523299
0.106617
-8.539170
0.266632
-0.086980
0.856333
0.148864
-0.732611
0.129881
-1.049506
-0.460593
1.004429
0.115177
0.114596
1.040588
-0.577614
-1.025300
1.245934
0.333928
1.328190
-0.936103
0.524251
-0.959514
-0.991358
0.286326
-0.945460
0.225926
-0.061658
0.619163
0.244708
0.252606
0.743356
-0.980018
1.073217
0.305057
0.735278
0.524200
-1.637093
1.513370
-0.306618
-1.179685
-0.641840
-0.650502
0.922686
0.886642
-1.448438
-0.610524
0.101858
0.236102
0.405569
0.070674
0.306985
0.472987
0.541059
0.222393
-0.127946
0.695441
0.477235
0.175941
-0.397922
0.562596
1.261626
-0.159272
0.731209
0.582722
-1.237790
0.390985
-0.005036
-0.840208
-1.231276
0.911578
-1.291143
-0.075835
-0.726440
-1.187177
-0.535538
-1.094186
-0.138481
0.757739
1.010256
-0.486532
0.108033
0.352404
-8.314040
-0.413361
-0.760896
-0.346242
-0.389979
-0.805704
-0.779326
0.563286
0.271147
-1.503943
-0.505760
-0.623992
0.907256
-0.875198
0.297395
0.139749
-0.346505
-0.641030
1.231875
1.207161
-0.100862
0.771584
0.350560
0.378174
0.725864
-1.071872
0.095609
0.229901
-0.692651
-1.056779
-0.799661
-0.262214
0.318034
0.503277
0.968947
1.080184
1.576473
-0.886790
0.246052
0.196621
-0.844396
0.102835
1.535997
-0.191068
0.656497
0.245373
0.421381
-0.731491
0.816737
-0.579795
0.498680
-1.071879
1.674157
0.186122
-0.980464
0.720362
0.403465
0.891522
0.711423
-0.866408
0.472143
1.123678
-0.524402
-1.104499
0.273442
-0.022814
0.704011
0.830774
0.153125
-0.049528
-0.747417
0.245713
0.875127
-0.442137
0.599694
0.486457
0.416145
-0.439847
1.786900
-0.170508
0.764101
-13.856988
0.289149
1.110049
-0.023459
0.180629
0.341632
-0.780309
-0.900241
-0.562573
-0.036553
-0.731602
-1.181899
-0.053212
-0.742641
0.480327
-0.376620
-0.416299
-0.784769
0.535125
-0.196600
0.080505
0.169366
-0.403254
0.328712
0.337561
-1.425130
0.381302
-0.959928
-1.390509
0.861370
0.825209
1.761017
-0.735537
-0.354767
-0.188674
-1.752310
-1.140268
0.676066
-1.593724
-0.136551
-0.417908
-0.100582
-0.252544
-1.136398
0.958425
-0.468351
0.581150
-0.376645
1.006253
0.544841
0.459584
0.372881
-0.635135
-0.963069
0.930159
0.789594
-0.781917
-0.263274
0.457148
-0.898334
-0.784835
0.352797
-1.085957
-0.354552
-0.334038
-0.409686
0.350684
-0.161918
-0.249957
-1.762918
-0.926497
0.374434
-0.011688
0.099338
-1.086789
-0.181266
0.879566
1.293250
1.959261
0.607498
-0.022483
-2.872645
0.836805
-1.844596
0.176260
0.845297
1.499394
0.322958
-0.523511
0.863519
1.134652
-0.210409
0.630777
1.443515
1.330057
-0.867189
0.395994
0.434286
0.170014
0.386616
0.514370
0.535514
0.226988
-0.072656
-0.294191
0.170406
-1.204055
-0.573033
0.018605
-0.134064
0.913804
-0.827879
0.205668
0.248997
-0.995496
-0.168343
1.111408
-0.174828
-0.390128
-1.340495
-0.581716
-0.648586
-0.226628
1.229639
-1.071385
-0.077899
-1.482284
0.360270
-0.829637
1.123375
0.153649
0.645617
-0.833113
-1.137777
-0.256102
0.837308
0.679398
0.167672
-0.981211
-0.686341
0.588424
-0.609040
0.932137
-0.016498
-0.778329
0.768460
-0.872922
0.840586
-1.159833
-0.248922
1.260405
-0.397596
0.158814
-0.660766
0.027636
-0.044846
0.634232
-0.452283
-0.086533
1.537226
-1.140246
-0.458700
-7.259802
0.065868
0.210846
-0.945374
-0.108227
-0.648715
1.191352
0.373252
0.052186
0.776375
0.893432
-0.613523
-1.191419
-1.240788
-1.005226
-0.547087
-1.012704
-1.015585
1.039507
0.828357
-0.609409
0.076337
-0.287059
0.507055
-1.023199
-0.848084
-0.920473
0.152933
-0.030018
-0.635377
0.736363
-0.907509
0.727921
1.415805
-0.421123
-1.163595
-1.495544
-0.612098
0.896040
0.129266
0.643153
0.274059
0.931993
-0.940395
0.776888
0.567421
-0.276554
0.897334
1.682016
-1.054287
0.489015
-0.641955
0.424531
-0.711962
-0.508592
0.013400
-0.173408
0.149868
-1.212593
-0.520470
-0.299357
0.335186
0.065051
-1.256427
0.641535
1.210002
-0.860142
1.149619
-0.605367
1.673577
-0.378980
-1.007509
-0.409660
-0.311002
-1.478421
-0.075011
0.562278
0.732519
-0.769367
0.518548
0.421701
-5.387535
-0.686910
0.065078
-0.770767
-0.255535
-0.536968
-0.454526
-0.201736
0.047205
-1.078169
-0.789553
-0.630496
1.969788
-0.912167
-0.944249
0.212161
-0.534400
0.053809
-1.371818
-1.021286
-0.085688
-1.393504
0.155285
-0.582000
-1.216496
1.549159
-0.969280
0.249889
-0.895745
0.572502
-0.488545
-0.711796
0.381428
-1.410066
-0.431514
0.107463
0.484659
0.792776
-1.952145
-0.944755
-0.738467
-0.990297
-0.459595
1.269424
-0.625499
-0.425645
0.697872
0.244296
-0.058997
0.863350
-0.238253
0.160925
-1.603532
-0.959352
0.346342
-0.580226
-1.338163
0.172482
1.361670
-1.275110
-0.206865
-0.233953
-0.514388
-0.568664
-0.830331
0.743612
0.168746
-0.225551
0.128035
0.950473
0.216100
0.289010
0.960766
0.891856
-0.183057
1.087186
-0.200875
0.385175
0.436388
0.084787
0.216087
-4.110250
-0.808178
-0.743130
1.172977
0.948577
0.316983
1.240196
-0.224088
0.098577
-1.592155
0.774445
0.018071
0.076135
-0.431354
0.383506
-0.770507
0.551430
-0.411539
1.120962
-0.279853
1.523733
-0.261387
-0.874150
0.901676
-1.244520
-1.666253
-0.490140
-0.003728
-0.616589
-1.515038
1.166188
-0.706098
-1.418631
-0.619128
-0.770841
1.412761
-1.322684
0.781982
0.199789
0.272413
1.451566
-0.557355
-0.416531
-0.061001
-0.101766
0.823638
0.070690
0.312160
0.321915
-0.699451
0.217542
-0.542484
1.069693
0.384553
-0.443454
0.204861
0.041789
0.917549
-1.320060
-0.779400
0.348141
-1.149311
-0.688262
0.765102
-0.416614
-0.359718
0.475726
0.312803
-0.736310
-1.171327
-0.562843
-0.685447
-0.178200
0.129734
0.245062
0.881005
-0.109829
-1.350892
-0.064874
0.607424
-1.180579
-4.862893
-0.890878
1.039441
-0.281802
-0.439834
0.322058
-0.521967
-1.285245
0.373180
0.096119
0.421037
0.496339
0.035465
-0.048467
-0.520359
1.039887
-0.451045
1.202336
0.042094
-0.442333
-1.261486
-1.154929
0.419307
0.166610
1.153968
0.638040
-0.336300
-0.906937
-0.164549
0.497599
0.133430
-0.766109
1.408873
0.348509
0.641826
-1.026839
1.299012
-0.837847
-0.344039
0.362515
0.014105
0.912524
0.199785
-1.341750
0.129241
-0.026952
-0.965658
1.077714
1.352470
-0.635562
-0.678720
1.351583
0.717797
-1.074222
0.019659
0.115757
-0.104992
1.101513
0.504454
-0.327970
-0.198830
-0.892834
0.386038
0.582608
-0.050466
0.254146
0.227267
0.908539
0.462608
1.297499
-0.534444
-0.781095
1.596114
0.792142
-1.050791
0.121489
0.104252
-0.849646
-0.624842
-0.321533
-0.158624
-10.949685
-0.782729
0.080693
-0.620384
0.100207
0.500836
0.235783
-0.840978
-0.271492
0.122843
0.408338
-0.229898
-0.694335
-1.207287
-0.787650
1.738967
0.378682
1.438512
1.094886
0.045651
-1.523267
0.887428
-0.187822
0.598914
-1.403621
1.375090
-0.431480
-0.417647
-0.490355
0.160472
0.880831
-0.067691
1.269960
1.587807
-0.784863
-0.887327
0.870022
-0.599837
-0.492058
0.896290
0.423475
-0.400740
0.001103
1.035193
-0.055138
0.334803
0.761368
-0.953468
-0.225656
0.007060
0.285070
-1.346973
0.934353
-0.702923
-0.267390
-0.013203
-0.973050
1.834819
1.199091
-0.572078
-0.217587
0.591561
0.210684
-1.162473
0.064943
0.821599
0.239381
-0.936081
-0.936607
-0.536413
-0.896651
0.318558
-0.327440
0.947839
0.860918
-0.242043
-0.544620
0.545552
-0.887672
0.038837
-0.339793
-9.896774
-0.673664
-0.083679
-1.116845
-0.043929
-0.835152
-1.177189
0.034449
0.694831
-1.423964
0.526724
0.171307
-1.376704
-1.765007
-0.876675
1.386837
0.288686
-0.732405
-1.127378
0.863017
-0.485123
0.494039
-0.097206
0.846121
0.318794
0.223676
-1.388372
0.834583
0.169600
0.685911
-0.505869
0.105330
-1.665217
-0.167130
0.799907
1.016389
1.076477
-0.839514
0.889487
0.011603
0.082799
0.363410
-1.345854
0.198510
0.279108
-1.172984
0.237537
-0.336623
0.219767
0.251006
-0.790426
0.853148
0.518451
0.320850
0.603845
0.605360
-0.190925
-1.410659
0.511001
-1.162436
0.652974
1.513036
0.071429
1.720867
-0.199428
0.215082
-0.020778
-1.091370
0.342683
0.706981
0.275326
-0.736632
0.060440
0.837988
-0.097666
1.058480
0.750643
-0.942327
-1.214399
-0.424392
-0.992023
-8.374467
-0.715402
-0.803018
1.734889
1.072881
-0.548667
1.049862
1.724562
-0.760120
-1.371214
0.651149
-0.351298
-1.211351
0.602527
-0.038892
-0.118452
-0.527461
-0.193073
-0.516188
0.189813
-0.641614
1.016569
0.400270
-0.836544
0.443570
0.315104
-2.072442
0.586591
-0.606431
-0.121603
1.025692
0.673130
-0.753688
-0.122103
0.878888
-1.098496
0.140587
-0.680042
0.297415
0.864535
0.003037
-0.804345
0.062664
-0.083307
0.859366
-0.983213
-0.546895
-0.634804
0.066317
0.135291
0.563880
-0.621032
-1.293075
0.095513
0.406989
0.046960
-0.855017
1.944252
-1.077356
1.081971
-1.028019
-0.457105
0.337970
-0.552593
0.683168
0.411383
0.737660
-0.212414
0.347708
-1.106011
0.165395
-0.721455
-0.675040
0.468707
0.594926
-0.521726
-0.938364
1.647067
1.033755
-0.923912
-0.114708
-8.941966
0.558444
1.107720
0.442424
-0.080424
-0.504170
-1.149717
-0.916722
0.337737
0.883323
-0.551835
-1.231876
-1.034392
-0.287410
0.742444
0.764301
0.112079
0.581910
0.438408
0.643247
-1.121759
0.367762
-0.671497
0.533035
-0.222813
-0.268615
1.033521
-0.127698
-1.270040
-0.831098
-0.967419
-0.765874
0.977450
0.167777
0.017372
-0.019766
-2.014659
-0.004400
-0.538627
0.463365
-0.575569
0.618894
0.800753
-0.316030
-0.117012
0.372667
0.148852
-0.632815
-0.974221
-0.616999
0.705409
0.543944
1.701304
-0.847890
-0.316659
-0.030509
0.275949
-0.872491
1.331563
0.908998
-0.594556
-2.068157
-0.668088
-0.665769
0.465313
0.007274
-0.223519
1.140617
-0.944637
1.440828
0.139162
-0.475275
-0.213428
-0.581741
1.150243
-1.111206
-0.818642
1.347022
-0.904179
-0.454305
0.209723
-7.362441
0.824387
-0.190412
-0.579198
-0.522778
-0.804904
0.139976
-0.730526
-0.685651
0.679123
0.369907
-0.083164
-0.246054
-0.066060
0.906078
-0.752511
-0.609750
1.833016
-0.398218
-0.840752
-0.474465
0.393988
0.378156
0.638219
-0.040008
0.627538
0.913823
-0.903886
-0.910823
-1.025187
0.763292
-1.402855
-0.603945
-0.231477
-0.794667
0.030994
0.282443
0.981570
1.624864
0.811056
-0.016351
0.018396
-1.118306
-1.617321
-0.195735
-1.270109
-0.258501
-0.103382
1.330618
0.135606
0.179323
-0.125185
-0.648782
-0.359415
-0.551356
0.415764
-0.801962
-1.447928
1.272087
-1.348167
-0.089421
0.227181
-0.905275
0.159864
-0.873645
0.752359
-0.580668
0.531099
0.015646
-1.413494
0.591004
-1.041553
1.325405
0.987018
-0.998159
-1.052193
0.946687
-0.283727
1.080111
0.584067
-0.274300
-6.769231
-0.473961
-0.753453
0.863482
-0.419378
-0.970152
1.321669
-0.023621
0.735121
-1.265798
-0.723236
0.426947
-0.511909
0.917301
0.247331
1.807392
-0.912526
0.597655
0.045986
-0.653423
-1.023302
0.310801
0.901424
-0.377805
0.629387
-1.816346
-0.781449
-0.706571
1.958373
-0.382092
0.015628
-0.533498
0.532436
1.273233
-0.960738
1.434359
0.655842
0.878487
0.715507
0.279803
-0.878292
0.858108
-1.222017
-0.459416
0.149099
0.376012
0.004548
0.213288
-0.923928
-0.983784
0.749924
-0.062472
0.386216
0.731437
-0.534593
-0.650648
-0.745235
-0.988124
-0.173385
-0.540807
0.419026
-0.053344
-0.939763
-0.302605
-0.628953
-0.668851
-0.555837
-0.724716
-0.539543
0.097369
0.604147
-0.351857
-0.343894
1.202023
1.223834
-0.696448
0.630691
0.146008
0.314972
-0.960635
-0.806117
-7.680151
-0.770909
0.992141
0.957376
-0.377872
-0.926367
-0.120127
1.329106
0.001235
0.342256
0.337519
-1.009264
-1.325935
1.647341
0.121614
0.514509
-0.649234
0.793331
-0.032563
-1.102005
0.297234
-1.026950
0.119402
0.234564
-1.356832
1.201676
0.380498
-0.267368
-0.018740
0.562603
1.041989
-0.193299
0.042699
0.434257
-0.322633
-0.946677
1.635421
-0.606573
-1.511050
-0.075121
-1.015057
0.608289
-0.406218
-0.048794
0.439697
-0.456502
0.385200
1.041531
-0.918800
-0.144803
0.775064
1.198578
-0.183586
-0.126915
0.159092
0.198813
-0.523559
0.083273
-1.527529
-0.054250
0.515456
1.419352
0.580323
-0.059131
0.559257
-0.852745
0.798599
0.969468
-0.139808
-1.283057
-0.789026
-0.237761
0.396064
0.929241
0.719598
0.086258
-0.579013
-0.980039
-0.344668
-0.438163
0.325949
-11.270891
-0.412726
0.726840
1.126444
0.919100
-1.084860
-1.488946
1.528490
-0.898425
-0.027750
0.582165
1.016296
-0.703387
-0.551921
0.356589
-0.263111
-0.239520
0.236438
0.484312
-0.218201
0.149148
0.135288
-0.655694
-0.132674
0.832505
0.980451
0.176063
-0.578616
-1.051379
-1.734968
-1.851488
-0.370443
-0.026359
0.588230
-0.378185
-1.063935
0.069873
-0.257258
-0.374864
-0.005054
0.347668
1.619451
-0.331393
0.699989
-0.103440
-0.975902
-0.413664
0.427926
0.010718
-0.840536
-0.578247
-1.059622
0.096240
-0.114482
0.299578
-0.521157
-0.594440
-1.302256
-0.277518
0.257077
-0.237521
-0.471601
1.195204
0.505072
0.707404
1.420450
-0.933480
-0.343833
-0.453178
-1.059897
0.819236
-0.977964
-0.558907
-0.708988
1.421382
0.664451
0.158622
-0.621997
-0.484510
-0.485379
0.092152
-5.670436
-0.297081
0.537648
-0.097559
-0.603131
0.553362
1.372581
-1.254606
-0.204498
0.239106
0.449493
1.569795
-0.399673
-0.678344
0.759962
-0.418173
0.066784
-0.743818
0.885171
0.550177
-0.976013
1.118531
-1.042460
0.339592
1.674739
-0.337768
-1.050923
-0.846432
-0.810009
-0.227197
-0.587586
-0.811013
0.804884
-0.894535
-0.047966
1.023065
-1.396225
0.937860
-1.417664
-0.105207
0.457095
0.616883
-0.155913
-0.253054
-0.318481
-0.344480
-0.972835
-1.211738
0.970928
0.796102
0.578864
-1.680384
1.031039
0.600144
0.413910
0.474927
0.173716
-1.053058
0.150939
1.186070
-0.113434
-0.686446
-1.368245
-1.021549
0.258893
0.381518
-0.719176
0.532570
-0.084475
-0.993909
-1.097772
-0.534475
-1.006913
0.239389
0.931910
0.908841
0.409905
1.181284
-0.568407
0.240444
0.519477
-7.835108
-0.213784
0.535124
0.172498
-0.879435
-0.747355
0.636186
-0.901390
-0.612240
-0.744639
0.243982
-0.138319
-0.230146
0.831268
-1.010930
-0.950641
-0.821369
0.034718
0.228228
-0.196830
-0.757163
0.798241
0.199117
0.860869
0.854304
0.430231
0.696142
-0.321012
0.310800
-1.165528
-1.202288
-0.524362
-0.420570
-0.485624
0.535215
0.239466
0.247872
0.381502
0.854158
-0.678721
0.035045
0.142228
-0.152876
0.079945
0.001582
-0.513931
-0.058358
-0.509493
0.614748
-0.747657
0.108996
1.524791
-0.796684
-0.142705
0.812977
0.551493
0.512321
0.469918
-1.317931
1.863105
0.272696
-1.466598
-0.952717
-0.307205
0.403866
-0.441156
0.517747
1.170232
0.642348
0.390297
-0.833399
-0.639140
0.980964
1.591645
-0.559653
-0.080703
0.201260
0.991468
0.980458
1.609890
-1.807666
-8.163752
0.749721
-0.629793
1.736169
0.560340
0.905320
-0.214758
-0.590633
-0.626696
0.124102
-0.862568
-0.083580
0.986354
-0.521861
-0.095670
0.296123
-0.989642
-0.015248
-0.085083
-0.225335
0.037307
0.969288
-0.328898
-0.224794
-0.958865
0.742921
-0.471146
-0.527480
-0.887084
1.034068
-0.686591
-0.002221
1.148870
0.370331
0.106882
0.748596
0.060924
-0.478300
-0.576114
0.484843
0.839679
-0.727690
-1.212753
0.343503
-0.187286
0.564318
-0.127054
-0.376516
-0.975908
-0.865556
0.939888
1.125552
2.012674
-0.581971
-0.544250
-0.418419
0.568534
-0.510599
0.245886
-1.746516
-0.594703
1.241326
0.127024
-1.485539
0.382965
-0.936043
0.511481
-1.165226
0.024207
0.727184
0.525976
-0.625055
1.293283
-0.747711
1.231430
-0.908844
0.627627
-0.944590
0.062990
-0.952566
-0.330808
-7.647120
0.636147
-0.624459
2.314344
-0.928560
-0.345743
-0.414035
-1.170761
-0.698439
0.738295
0.098828
-0.561976
-1.303736
-0.138410
0.101688
-0.298510
-0.166176
-0.007790
0.479312
-0.928675
0.930501
-1.420653
-0.791728
0.022198
1.569220
0.828188
0.594019
-0.701525
-1.590753
-0.917272
0.167929
0.500144
-1.295886
0.179492
-0.268869
-0.099284
-1.212913
0.740590
0.444846
0.094034
0.257494
-0.545530
-0.865278
0.937883
0.533148
-0.614442
-0.658053
-0.264487
1.635442
-0.927855
0.080707
0.923576
-0.747868
0.166348
0.940628
-0.670463
-0.636573
0.396100
-1.115990
-1.408042
0.393830
0.672740
0.400070
0.910462
0.530475
1.088389
-0.591917
-0.622143
0.419984
1.632155
0.213568
-0.597467
1.476663
-1.015665
0.004991
-0.356035
0.109023
-1.057096
0.672898
-0.694884
-2.247127
-7.162271
0.823244
0.532406
-0.736196
0.714008
-0.060283
-1.494750
-0.797629
0.960989
-1.372664
0.983370
0.116933
1.412529
1.342603
0.006109
0.548177
-0.727528
0.465064
-0.135555
0.689200
-0.432346
1.202588
0.605351
0.106638
0.652395
-0.184714
-1.383282
0.564149
-0.446812
0.383580
-0.992542
-1.116223
0.588019
0.577068
-0.598597
-0.728039
-1.449300
-0.564220
-0.905620
-0.854384
0.097296
0.193199
1.226761
-1.082345
0.169253
-0.162691
0.799493
0.340720
-1.043068
-0.262380
0.283210
0.199015
-0.301084
-0.060355
-0.896552
0.574587
-0.774950
-0.953848
-0.536921
0.925219
0.622399
-0.231799
0.387605
0.419244
-0.894470
0.203703
0.748908
-0.848833
-0.969501
-0.651262
-0.340853
-0.211368
-1.069219
-0.693990
1.382946
0.768543
0.645596
-0.839918
0.151219
1.254993
1.042243
-7.877722
-0.167386
-1.749336
1.258422
0.136786
0.610624
1.400665
-0.005143
0.047062
0.709728
0.049537
-0.515842
-1.269287
0.327963
-0.358350
-1.036735
0.617287
-0.223103
-0.673813
-0.545284
-1.683038
0.682833
0.316555
-0.403635
-0.732645
0.577561
-1.324898
0.604873
-0.987985
-0.598696
0.413842
-0.329131
0.972614
0.657735
-0.295808
-0.966641
0.741501
-0.076182
0.900220
-0.182298
-0.773199
-0.672011
0.230633
-0.186129
-0.658464
0.527364
0.308367
-1.169893
-0.484526
0.683415
0.145032
0.499141
-0.315718
-0.785641
0.860740
0.502001
0.523341
-1.637197
0.250690
0.833205
-0.611486
0.261611
-0.065197
0.888340
-0.524317
-1.082806
0.613020
-1.092671
0.023156
0.959993
0.131423
0.248920
0.924555
-1.256326
-1.515745
1.176909
-0.800210
1.508449
0.214157
0.076567
0.292922
-7.626895
-0.451816
-0.800091
0.042886
-0.701675
0.721066
-0.989372
-1.131007
0.045795
0.270525
0.096854
0.746577
1.643685
-0.726612
-0.345512
1.878049
-0.681097
0.850556
0.907544
0.401977
-1.089100
-1.384819
-0.290350
-0.312215
-0.873406
-1.074145
0.511817
-0.833840
-0.573914
-0.598927
0.974484
1.194224
0.393278
1.313102
-0.746607
1.128467
1.374340
0.081271
1.153879
-0.217592
0.627016
0.012697
0.198945
0.982490
0.748445
0.945725
0.252180
-1.308907
-0.238470
-0.810995
0.342174
0.011839
-0.627947
-0.889813
-0.974061
0.167241
0.022024
-0.585354
0.717393
0.759600
0.281755
0.565644
-0.043211
0.183395
-0.295047
0.264564
0.620472
0.452603
-0.270987
1.109487
0.399207
-0.696607
-0.933901
-1.100437
0.734509
-0.204426
0.795447
-1.427452
-0.947585
-0.694866
0.759616
-9.448514
0.777613
1.657324
-0.026863
0.612837
-0.148904
0.979231
-1.058866
-0.503937
0.044572
-0.773425
0.989291
-1.276386
-0.826637
-0.526990
-1.234903
-0.842419
0.082628
-0.477205
0.546024
-1.110779
0.511059
-0.574787
-0.008382
-0.903992
0.462091
0.443132
-1.041316
-0.170818
0.402435
0.675461
0.304833
-0.317829
0.355199
-1.380895
-0.825845
-1.279487
0.560529
1.314842
-0.217663
-0.311548
-1.066616
-1.055889
-0.318281
-0.368872
0.202055
0.057889
-0.363724
-1.383878
0.790038
-0.342836
-0.747231
-0.117049
0.121332
0.945036
-0.971733
-0.864631
0.465194
-1.543941
0.373739
-0.800115
1.235646
0.634437
0.037555
-0.678305
1.251437
-0.435587
-0.107929
-0.062278
-1.064029
0.726928
0.769852
0.946836
-0.996983
0.302742
1.097219
0.007010
-1.659164
-0.929552
0.762091
0.927863
-6.129055
-0.940825
0.344313
-0.735964
-0.798711
-0.168721
-0.883789
0.326407
0.060423
-1.368018
0.106439
-0.717590
1.128970
0.186685
0.112901
-0.153028
0.184308
-0.720248
-0.960692
1.721002
1.040792
-1.366609
-0.666614
-0.970525
-0.499787
1.458440
-0.187621
-0.120853
-0.910203
-0.746635
-0.044185
0.687366
-1.285999
1.023842
0.213619
-1.385804
0.263076
-0.969995
0.558721
0.828894
-0.672088
-0.684568
-0.614510
1.183960
-0.037563
0.981547
-0.053342
-1.006868
0.504276
0.087414
1.040924
1.141851
0.227667
-0.708542
0.894212
-0.832347
-0.725793
0.022902
0.642334
-0.580391
0.221594
-1.135020
0.890185
1.178279
0.866110
0.313267
-0.945666
-0.991087
0.505622
0.226466
-0.599119
0.683096
1.187575
-0.744626
0.787582
-0.064064
-0.539477
-0.895331
0.623761
-0.847554
0.748529
-8.171747
-0.937713
-0.775641
-0.073777
1.394567
0.018834
1.356931
0.308749
-0.695910
-1.462859
-0.650254
-0.934969
-1.091461
1.342752
-0.958283
1.061613
-0.976520
-0.434941
-0.312815
0.200915
1.008408
0.601482
0.020318
-0.961708
-1.196337
1.156270
-0.121517
-0.053596
0.365680
-0.029287
-0.681393
0.698817
0.249417
0.547658
0.357398
0.697304
-0.952477
0.019995
1.190759
0.113687
0.184488
-0.974346
0.800015
0.825458
-0.919709
1.018758
0.016639
-0.991608
-0.999676
-0.846555
0.503407
0.986062
-0.226811
-0.383293
0.853282
0.624825
-0.373724
-0.402691
-0.729774
1.074892
0.264799
0.875327
0.737949
-1.062323
0.676270
-0.274103
0.181515
-1.766274
0.998482
-0.049254
0.084970
0.129043
-0.198061
-0.556616
0.466641
0.176538
-0.690740
1.103014
0.312488
-0.211830
1.048552
-10.258883
-0.577092
-0.162174
0.838158
-0.648743
-0.208782
-0.686088
-0.848249
0.399186
-0.372322
-0.830848
-0.251995
1.224850
-1.116235
-0.879310
-0.366479
0.648062
-0.664357
-0.540643
-0.496341
0.860257
0.965186
0.935670
-0.865867
-0.422260
-0.496356
-0.106519
-0.832467
0.148063
0.232458
-0.976550
-1.656188
1.592835
0.521096
-0.780612
1.154643
1.261960
-0.406896
-1.184713
0.056540
-0.327552
-0.461782
-1.223024
-1.054150
0.359867
-1.055716
0.353016
-0.175424
-1.034336
-0.926355
0.481278
1.318384
-1.260512
0.726444
-0.851726
-0.313301
0.203959
-0.682028
0.271383
-0.606796
0.824792
-0.750887
-0.883496
1.252100
-1.028862
-0.896370
0.454243
0.519129
-0.117805
-1.956834
-0.292033
0.627068
-0.512357
-0.828965
-0.791112
-0.167606
-0.031991
0.819265
-0.069929
0.152872
1.174771
-4.641657
0.384368
1.303905
0.053116
0.404274
-0.598500
-0.615657
0.177611
0.471714
0.136772
-0.938404
-0.648510
-0.890643
0.741196
-0.672421
0.225383
0.005920
-0.895169
1.645741
0.982427
0.301941
0.102267
-0.804570
0.554025
1.502209
-0.675874
-0.862935
0.495217
-0.859041
-0.899617
0.339612
2.020056
0.758291
0.416005
-0.156236
-0.464411
1.335560
0.203204
0.430144
0.371266
0.513501
0.753085
0.923645
-0.735475
-0.133942
-1.432747
0.575973
0.658486
-1.173240
0.493407
0.274607
0.258069
-0.537256
0.342862
-0.132767
0.223812
-0.891498
-0.488598
0.271436
-0.583685
0.454726
-1.124830
-1.029819
0.338215
0.189663
-0.250334
-0.988196
0.784785
-0.642729
0.602635
-0.597950
-1.002525
-1.027017
-1.094904
-0.822065
0.449349
-0.623888
-1.291932
0.029273
-0.450376
0.944361
-9.842322
0.859729
0.717722
0.564503
-0.445209
-0.709386
-1.278657
-0.859948
0.268695
0.055549
0.815752
0.163915
-0.061226
-0.697484
-0.025491
-1.089970
-0.184426
-0.943315
-0.776490
-0.963450
0.196627
-1.151263
-0.494625
-0.005130
-0.031342
1.395051
0.735587
0.292270
-0.234475
-0.659760
0.496877
0.628516
1.823498
-0.951993
0.374379
-0.806916
-0.899750
0.318521
0.315826
0.896073
0.780983
-0.121842
-0.036251
-0.706805
0.630350
-0.879298
-0.094231
-0.732533
-0.785343
0.304630
-0.602397
0.486554
0.430458
0.035124
-0.425394
0.048201
-0.082313
-1.489277
-1.100875
-1.426204
-0.940218
0.065428
1.287942
-1.161227
0.432817
-0.663348
-0.279074
-1.050771
0.948471
1.129455
-0.766896
0.870487
-1.059087
0.421207
-0.334706
-1.151751
-0.840720
1.372237
-0.681973
-0.295097
0.391850
-4.423811
